 PID	  ID	 DAD	 MOM	SEX	 LOC_01	 LOC_02	   ENV_01	   ENV_02	     PHEN	AFF
   1	   1	  -1	  -1	  m 	  A2/A2	  M2/M2	-0.786207	-1.128402	 -1.48919	  0
   1	   2	  -1	  -1	  f 	  A1/A2	  M1/M1	 0.049115	-1.128402	 -0.44040	  0
   1	   3	   1	   2	  m 	  A2/A2	  M1/M2	-0.525437	 0.456983	 -0.95429	  0
   1	   4	   1	   2	  m 	  A2/A2	  M1/M2	-0.525437	-0.152437	 -0.84083	  0
   1	   5	   1	   2	  f 	  A1/A2	  M1/M2	-0.525437	-0.226126	 -0.27947	  0
   2	   1	  -1	  -1	  m 	  A1/A2	  M1/M2	 0.246274	 0.032660	 -0.09642	  0
   2	   2	  -1	  -1	  f 	  A2/A2	  M2/M2	-0.197186	 0.032660	 -1.25706	  0
   2	   3	   1	   2	  m 	  A1/A2	  M1/M2	 1.510560	-2.337900	 -0.01056	  0
   2	   4	   1	   2	  m 	  A2/A2	  M1/M2	 1.510560	-1.020751	 -1.09509	  1
   2	   5	   1	   2	  f 	  A1/A2	  M1/M2	 1.510560	 2.624594	  1.64115	  1
   3	   1	  -1	  -1	  m 	  A2/A2	  M1/M2	-0.880754	 0.538691	 -0.73070	  0
   3	   2	  -1	  -1	  f 	  A2/A2	  M2/M2	 0.302970	 0.538691	 -0.71567	  0
   3	   3	   1	   2	  m 	  A2/A2	  M2/M2	 0.958318	 0.225771	 -0.03029	  0
   3	   4	   1	   2	  m 	  A2/A2	  M2/M2	 0.958318	 0.692164	 -0.13099	  0
   3	   5	   1	   2	  f 	  A2/A2	  M2/M2	 0.958318	-0.788016	 -0.86439	  0
   4	   1	  -1	  -1	  m 	  A1/A2	  M1/M2	-0.303851	 0.200370	  0.17991	  0
   4	   2	  -1	  -1	  f 	  A1/A2	  M2/M2	-0.565353	 0.200370	  0.51884	  0
   4	   3	   1	   2	  m 	  A1/A2	  M1/M2	 0.742504	-0.419906	  0.01753	  1
   4	   4	   1	   2	  m 	  A2/A2	  M2/M2	 0.742504	-0.624151	 -0.67746	  1
   4	   5	   1	   2	  f 	  A1/A2	  M2/M2	 0.742504	 0.005008	  0.04195	  0
   5	   1	  -1	  -1	  m 	  A2/A2	  M1/M2	 0.210779	-1.674829	 -1.36565	  0
   5	   2	  -1	  -1	  f 	  A2/A2	  M2/M2	 0.242722	-1.674829	 -0.80701	  0
   5	   3	   1	   2	  m 	  A2/A2	  M1/M2	-0.162823	 0.016419	 -1.95686	  0
   5	   4	   1	   2	  m 	  A2/A2	  M2/M2	-0.162823	-0.639788	 -0.17750	  1
   5	   5	   1	   2	  f 	  A2/A2	  M1/M2	-0.162823	 0.375833	 -0.14625	  0
   6	   1	  -1	  -1	  m 	  A1/A1	  M2/M2	 0.313894	-1.133247	  0.08581	  0
   6	   2	  -1	  -1	  f 	  A2/A2	  M2/M2	 1.475144	-1.133247	 -0.50358	  0
   6	   3	   1	   2	  m 	  A1/A2	  M2/M2	 0.286869	-0.499254	  0.32417	  0
   6	   4	   1	   2	  m 	  A1/A2	  M2/M2	 0.286869	 0.043096	  0.52426	  1
   6	   5	   1	   2	  f 	  A1/A2	  M2/M2	 0.286869	 0.596656	  0.12042	  0
   7	   1	  -1	  -1	  m 	  A1/A2	  M2/M2	 0.232101	-0.399099	  0.46255	  0
   7	   2	  -1	  -1	  f 	  A2/A2	  M2/M2	 0.070225	-0.399099	 -1.18023	  0
   7	   3	   1	   2	  m 	  A2/A2	  M2/M2	 0.236743	 0.396373	 -0.42488	  0
   7	   4	   1	   2	  m 	  A2/A2	  M2/M2	 0.236743	 1.544740	 -1.08769	  0
   7	   5	   1	   2	  f 	  A2/A2	  M2/M2	 0.236743	-0.915451	 -1.28615	  0
   8	   1	  -1	  -1	  m 	  A1/A2	  M1/M2	-0.072489	 0.546547	  1.10987	  0
   8	   2	  -1	  -1	  f 	  A2/A2	  M1/M2	 0.407175	 0.546547	 -1.40983	  0
   8	   3	   1	   2	  m 	  A1/A2	  M1/M2	-2.049947	-0.057117	 -0.54422	  0
   8	   4	   1	   2	  m 	  A1/A2	  M2/M2	-2.049947	-1.469708	 -0.52922	  0
   8	   5	   1	   2	  f 	  A2/A2	  M2/M2	-2.049947	 1.078218	 -1.44262	  0
   9	   1	  -1	  -1	  m 	  A2/A2	  M2/M2	-0.366264	-0.075725	 -1.00144	  1
   9	   2	  -1	  -1	  f 	  A1/A2	  M2/M2	 0.032171	-0.075725	  1.85821	  1
   9	   3	   1	   2	  m 	  A2/A2	  M2/M2	 0.505458	-0.374688	 -0.63039	  0
   9	   4	   1	   2	  m 	  A2/A2	  M2/M2	 0.505458	-0.280980	 -0.36856	  0
   9	   5	   1	   2	  f 	  A2/A2	  M2/M2	 0.505458	-0.671155	 -0.89933	  0
  10	   1	  -1	  -1	  m 	  A1/A2	  M2/M2	-0.193147	 1.043138	  0.10245	  0
  10	   2	  -1	  -1	  f 	  A2/A2	  M1/M2	-0.396836	 1.043138	 -0.82622	  0
  10	   3	   1	   2	  m 	  A2/A2	  M2/M2	-0.909939	-0.529097	 -2.15268	  0
  10	   4	   1	   2	  m 	  A1/A2	  M1/M2	-0.909939	 2.010004	 -0.29930	  0
  10	   5	   1	   2	  f 	  A2/A2	  M2/M2	-0.909939	-0.458396	 -0.47006	  0
  11	   1	  -1	  -1	  m 	  A2/A2	  M2/M2	 0.323229	-0.411589	 -0.59099	  0
  11	   2	  -1	  -1	  f 	  A2/A2	  M2/M2	 0.172762	-0.411589	 -1.30387	  0
  11	   3	   1	   2	  m 	  A2/A2	  M2/M2	-0.969647	 0.748400	 -1.57015	  0
  11	   4	   1	   2	  m 	  A2/A2	  M2/M2	-0.969647	-0.349082	 -1.96801	  0
  11	   5	   1	   2	  f 	  A2/A2	  M2/M2	-0.969647	-0.660358	 -0.88738	  0
  12	   1	  -1	  -1	  m 	  A2/A2	  M1/M2	-0.809590	 0.394889	 -1.11320	  0
  12	   2	  -1	  -1	  f 	  A1/A2	  M2/M2	 0.734336	 0.394889	  0.14259	  0
  12	   3	   1	   2	  m 	  A2/A2	  M1/M2	 0.767583	 0.398231	 -0.57199	  0
  12	   4	   1	   2	  m 	  A1/A2	  M1/M2	 0.767583	-0.494493	 -0.66704	  0
  12	   5	   1	   2	  f 	  A1/A2	  M2/M2	 0.767583	-0.332153	 -0.38294	  0
  13	   1	  -1	  -1	  m 	  A2/A2	  M1/M2	-0.419129	-2.416902	 -1.49246	  0
  13	   2	  -1	  -1	  f 	  A2/A2	  M2/M2	 1.960101	-2.416902	 -0.97288	  0
  13	   3	   1	   2	  m 	  A2/A2	  M1/M2	-0.615609	-0.131693	 -0.46889	  1
  13	   4	   1	   2	  m 	  A2/A2	  M1/M2	-0.615609	 1.402614	 -1.31644	  0
  13	   5	   1	   2	  f 	  A2/A2	  M1/M2	-0.615609	-1.024541	 -2.08035	  0
  14	   1	  -1	  -1	  m 	  A2/A2	  M2/M2	-0.363215	-0.101987	 -1.15789	  0
  14	   2	  -1	  -1	  f 	  A2/A2	  M1/M2	 0.082994	-0.101987	 -1.12475	  0
  14	   3	   1	   2	  m 	  A2/A2	  M1/M2	-1.411938	-0.702777	 -1.82187	  0
  14	   4	   1	   2	  m 	  A2/A2	  M2/M2	-1.411938	-0.630092	 -0.12775	  0
  14	   5	   1	   2	  f 	  A2/A2	  M1/M2	-1.411938	 0.605941	 -1.05561	  0
  15	   1	  -1	  -1	  m 	  A2/A2	  M2/M2	-0.191032	-1.387564	 -1.62250	  0
  15	   2	  -1	  -1	  f 	  A2/A2	  M2/M2	-0.456065	-1.387564	 -0.68191	  0
  15	   3	   1	   2	  m 	  A2/A2	  M2/M2	 0.867074	 0.723564	 -0.93993	  0
  15	   4	   1	   2	  m 	  A2/A2	  M2/M2	 0.867074	-1.127181	 -1.40465	  0
  15	   5	   1	   2	  f 	  A2/A2	  M2/M2	 0.867074	-1.306778	 -0.93803	  0
  16	   1	  -1	  -1	  m 	  A2/A2	  M2/M2	-0.467512	-0.397637	 -0.10540	  0
  16	   2	  -1	  -1	  f 	  A1/A2	  M2/M2	 0.219687	-0.397637	 -0.28764	  0
  16	   3	   1	   2	  m 	  A1/A2	  M2/M2	 0.318283	 1.330956	 -0.03171	  0
  16	   4	   1	   2	  m 	  A2/A2	  M2/M2	 0.318283	-0.768058	 -0.75876	  0
  16	   5	   1	   2	  f 	  A2/A2	  M2/M2	 0.318283	 1.727364	  0.30842	  0
  17	   1	  -1	  -1	  m 	  A2/A2	  M2/M2	-0.401166	-1.329269	 -2.17793	  0
  17	   2	  -1	  -1	  f 	  A2/A2	  M2/M2	 1.018903	-1.329269	 -0.58900	  0
  17	   3	   1	   2	  m 	  A2/A2	  M2/M2	-0.638106	-0.546759	 -0.82348	  0
  17	   4	   1	   2	  m 	  A2/A2	  M2/M2	-0.638106	-0.220642	 -0.93850	  0
  17	   5	   1	   2	  f 	  A2/A2	  M2/M2	-0.638106	 2.249195	 -0.35650	  0
  18	   1	  -1	  -1	  m 	  A1/A2	  M2/M2	 0.899271	-0.765888	  1.19437	  0
  18	   2	  -1	  -1	  f 	  A2/A2	  M1/M2	-1.122359	-0.765888	 -0.30696	  0
  18	   3	   1	   2	  m 	  A2/A2	  M2/M2	-1.462642	 0.243343	 -1.58333	  0
  18	   4	   1	   2	  m 	  A2/A2	  M1/M2	-1.462642	 0.048906	 -0.89985	  0
  18	   5	   1	   2	  f 	  A2/A2	  M2/M2	-1.462642	-0.658405	 -0.07086	  0
  19	   1	  -1	  -1	  m 	  A1/A1	  M2/M2	 1.184208	 0.126523	  1.22625	  0
  19	   2	  -1	  -1	  f 	  A2/A2	  M2/M2	 0.447112	 0.126523	 -1.52645	  0
  19	   3	   1	   2	  m 	  A1/A2	  M2/M2	 0.562364	 0.560317	  0.18669	  0
  19	   4	   1	   2	  m 	  A1/A2	  M2/M2	 0.562364	 0.266729	 -0.76350	  1
  19	   5	   1	   2	  f 	  A1/A2	  M2/M2	 0.562364	 1.440625	  0.15160	  0
  20	   1	  -1	  -1	  m 	  A1/A2	  M2/M2	-0.550369	-0.049556	  0.21553	  0
  20	   2	  -1	  -1	  f 	  A2/A2	  M2/M2	 2.937779	-0.049556	 -0.88572	  0
  20	   3	   1	   2	  m 	  A1/A2	  M2/M2	 0.313399	-1.858666	 -0.54230	  0
  20	   4	   1	   2	  m 	  A2/A2	  M2/M2	 0.313399	-0.694560	 -1.06509	  1
  20	   5	   1	   2	  f 	  A1/A2	  M2/M2	 0.313399	 0.830617	  0.83139	  0
  21	   1	  -1	  -1	  m 	  A2/A2	  M1/M2	-1.230856	-1.050391	 -1.03562	  0
  21	   2	  -1	  -1	  f 	  A2/A2	  M2/M2	-1.245397	-1.050391	 -1.49000	  0
  21	   3	   1	   2	  m 	  A2/A2	  M1/M2	-0.189887	-0.347696	 -0.87918	  0
  21	   4	   1	   2	  m 	  A2/A2	  M2/M2	-0.189887	-1.162460	 -0.84312	  0
  21	   5	   1	   2	  f 	  A2/A2	  M2/M2	-0.189887	 0.394433	 -0.74861	  0
  22	   1	  -1	  -1	  m 	  A1/A2	  M1/M2	 0.579956	 0.863329	  0.97215	  0
  22	   2	  -1	  -1	  f 	  A2/A2	  M2/M2	 0.019326	 0.863329	 -0.15100	  0
  22	   3	   1	   2	  m 	  A2/A2	  M1/M2	-1.255030	-0.205320	 -1.22835	  0
  22	   4	   1	   2	  m 	  A2/A2	  M1/M2	-1.255030	-0.452950	 -1.95556	  0
  22	   5	   1	   2	  f 	  A2/A2	  M1/M2	-1.255030	 0.302816	 -0.90753	  0
  23	   1	  -1	  -1	  m 	  A2/A2	  M2/M2	 0.843645	 1.577967	 -0.64324	  0
  23	   2	  -1	  -1	  f 	  A2/A2	  M2/M2	-0.426540	 1.577967	 -0.48394	  0
  23	   3	   1	   2	  m 	  A2/A2	  M2/M2	 1.002120	-0.788129	  0.46239	  0
  23	   4	   1	   2	  m 	  A2/A2	  M2/M2	 1.002120	-0.674100	 -1.10512	  0
  23	   5	   1	   2	  f 	  A2/A2	  M2/M2	 1.002120	-1.185595	 -0.34375	  0
  24	   1	  -1	  -1	  m 	  A2/A2	  M2/M2	-0.796401	-0.762739	 -0.83313	  0
  24	   2	  -1	  -1	  f 	  A1/A2	  M2/M2	-0.958011	-0.762739	  0.02736	  0
  24	   3	   1	   2	  m 	  A1/A2	  M2/M2	 0.519912	-1.440273	  0.29811	  0
  24	   4	   1	   2	  m 	  A2/A2	  M2/M2	 0.519912	-1.187159	 -1.18601	  0
  24	   5	   1	   2	  f 	  A1/A2	  M2/M2	 0.519912	-0.113123	  0.07551	  0
  25	   1	  -1	  -1	  m 	  A2/A2	  M2/M2	-0.795896	-1.126973	 -1.22702	  0
  25	   2	  -1	  -1	  f 	  A2/A2	  M1/M2	-1.481762	-1.126973	 -1.54470	  0
  25	   3	   1	   2	  m 	  A2/A2	  M2/M2	 0.236054	 0.818991	 -0.79982	  0
  25	   4	   1	   2	  m 	  A2/A2	  M1/M2	 0.236054	 0.894636	 -0.66770	  0
  25	   5	   1	   2	  f 	  A2/A2	  M2/M2	 0.236054	-0.847329	 -1.09677	  0
  26	   1	  -1	  -1	  m 	  A2/A2	  M2/M2	-0.336715	-0.086456	 -0.16415	  0
  26	   2	  -1	  -1	  f 	  A1/A2	  M2/M2	 0.011912	-0.086456	  0.58704	  0
  26	   3	   1	   2	  m 	  A2/A2	  M2/M2	 0.111795	-0.816162	 -1.11452	  0
  26	   4	   1	   2	  m 	  A1/A2	  M2/M2	 0.111795	 0.267285	  0.48591	  0
  26	   5	   1	   2	  f 	  A2/A2	  M2/M2	 0.111795	 0.827505	 -0.62908	  0
  27	   1	  -1	  -1	  m 	  A2/A2	  M2/M2	-0.837557	-0.477188	 -0.45646	  0
  27	   2	  -1	  -1	  f 	  A1/A2	  M2/M2	 0.449453	-0.477188	 -0.08850	  0
  27	   3	   1	   2	  m 	  A1/A2	  M2/M2	-0.278135	 0.031519	  0.23573	  0
  27	   4	   1	   2	  m 	  A2/A2	  M2/M2	-0.278135	 0.225569	 -1.01034	  0
  27	   5	   1	   2	  f 	  A1/A2	  M2/M2	-0.278135	 0.628857	  0.11282	  0
  28	   1	  -1	  -1	  m 	  A2/A2	  M1/M2	-0.299261	 1.294820	 -1.52778	  0
  28	   2	  -1	  -1	  f 	  A2/A2	  M2/M2	-1.320098	 1.294820	 -1.47203	  0
  28	   3	   1	   2	  m 	  A2/A2	  M2/M2	 0.910413	-0.143085	 -1.03243	  0
  28	   4	   1	   2	  m 	  A2/A2	  M2/M2	 0.910413	-1.340648	 -1.00564	  0
  28	   5	   1	   2	  f 	  A2/A2	  M2/M2	 0.910413	-0.180195	 -0.67754	  0
  29	   1	  -1	  -1	  m 	  A2/A2	  M1/M2	-1.125928	-1.003576	 -2.11357	  0
  29	   2	  -1	  -1	  f 	  A2/A2	  M2/M2	-0.079928	-1.003576	 -1.81499	  0
  29	   3	   1	   2	  m 	  A2/A2	  M1/M2	-0.751343	-1.201501	 -1.96670	  0
  29	   4	   1	   2	  m 	  A2/A2	  M2/M2	-0.751343	 0.613382	 -0.91478	  0
  29	   5	   1	   2	  f 	  A2/A2	  M2/M2	-0.751343	-1.575247	 -1.76546	  0
  30	   1	  -1	  -1	  m 	  A2/A2	  M1/M2	 0.427709	-1.254060	 -0.59298	  0
  30	   2	  -1	  -1	  f 	  A2/A2	  M2/M2	-1.426997	-1.254060	 -2.08681	  0
  30	   3	   1	   2	  m 	  A2/A2	  M1/M2	 0.442532	 0.878883	 -0.12477	  0
  30	   4	   1	   2	  m 	  A2/A2	  M1/M2	 0.442532	-0.730274	 -1.57925	  0
  30	   5	   1	   2	  f 	  A2/A2	  M2/M2	 0.442532	 0.368340	 -0.65971	  0
  31	   1	  -1	  -1	  m 	  A2/A2	  M2/M2	-0.474122	-2.230022	 -2.12079	  0
  31	   2	  -1	  -1	  f 	  A2/A2	  M2/M2	-3.443721	-2.230022	 -1.97726	  0
  31	   3	   1	   2	  m 	  A2/A2	  M2/M2	 1.184498	 0.742018	 -0.05115	  0
  31	   4	   1	   2	  m 	  A2/A2	  M2/M2	 1.184498	 0.860616	 -0.75292	  0
  31	   5	   1	   2	  f 	  A2/A2	  M2/M2	 1.184498	-0.757058	 -0.82471	  0
  32	   1	  -1	  -1	  m 	  A1/A2	  M2/M2	 1.124926	-2.090416	  0.14620	  0
  32	   2	  -1	  -1	  f 	  A1/A1	  M2/M2	 0.043591	-2.090416	  0.42888	  0
  32	   3	   1	   2	  m 	  A1/A1	  M2/M2	-0.886637	 0.268637	  0.81736	  0
  32	   4	   1	   2	  m 	  A1/A2	  M2/M2	-0.886637	-0.899747	 -0.49498	  0
  32	   5	   1	   2	  f 	  A1/A1	  M2/M2	-0.886637	 2.291740	  1.30675	  1
  33	   1	  -1	  -1	  m 	  A1/A2	  M1/M2	-0.525087	 0.278214	  0.02987	  0
  33	   2	  -1	  -1	  f 	  A1/A1	  M2/M2	 0.454968	 0.278214	  1.72077	  0
  33	   3	   1	   2	  m 	  A1/A2	  M1/M2	 1.186823	-1.669401	 -0.10391	  0
  33	   4	   1	   2	  m 	  A1/A1	  M1/M2	 1.186823	 0.039092	  1.39402	  0
  33	   5	   1	   2	  f 	  A1/A1	  M2/M2	 1.186823	 0.366536	  0.58470	  0
  34	   1	  -1	  -1	  m 	  A2/A2	  M2/M2	-0.497232	 0.876146	 -0.85054	  0
  34	   2	  -1	  -1	  f 	  A2/A2	  M2/M2	-0.546575	 0.876146	 -0.87513	  0
  34	   3	   1	   2	  m 	  A2/A2	  M2/M2	 1.991931	-1.540310	 -1.76521	  0
  34	   4	   1	   2	  m 	  A2/A2	  M2/M2	 1.991931	-0.004588	 -1.14909	  1
  34	   5	   1	   2	  f 	  A2/A2	  M2/M2	 1.991931	-0.016322	  0.12973	  0
  35	   1	  -1	  -1	  m 	  A2/A2	  M1/M2	 1.080204	-0.757901	  0.25464	  1
  35	   2	  -1	  -1	  f 	  A2/A2	  M1/M1	-0.318400	-0.757901	 -0.11591	  0
  35	   3	   1	   2	  m 	  A2/A2	  M1/M1	 0.501754	-1.008957	 -0.75625	  0
  35	   4	   1	   2	  m 	  A2/A2	  M1/M2	 0.501754	-0.062405	 -1.02705	  0
  35	   5	   1	   2	  f 	  A2/A2	  M1/M2	 0.501754	 1.609245	 -0.06589	  1
  36	   1	  -1	  -1	  m 	  A1/A2	  M2/M2	 0.780378	-0.592933	 -0.24737	  0
  36	   2	  -1	  -1	  f 	  A1/A2	  M1/M2	-0.286828	-0.592933	 -0.75777	  0
  36	   3	   1	   2	  m 	  A2/A2	  M2/M2	-0.378041	 0.368423	 -0.15281	  0
  36	   4	   1	   2	  m 	  A1/A1	  M1/M2	-0.378041	-0.838009	  0.59121	  0
  36	   5	   1	   2	  f 	  A1/A2	  M2/M2	-0.378041	-1.231370	  0.37186	  0
  37	   1	  -1	  -1	  m 	  A2/A2	  M2/M2	 1.437409	 0.616525	 -1.56601	  1
  37	   2	  -1	  -1	  f 	  A2/A2	  M1/M2	-0.144731	 0.616525	 -0.56695	  0
  37	   3	   1	   2	  m 	  A2/A2	  M1/M2	 1.605668	-0.424216	 -0.67628	  0
  37	   4	   1	   2	  m 	  A2/A2	  M2/M2	 1.605668	-1.385034	 -0.47783	  0
  37	   5	   1	   2	  f 	  A2/A2	  M1/M2	 1.605668	 1.740095	  0.21019	  1
  38	   1	  -1	  -1	  m 	  A1/A2	  M1/M2	-0.670417	 0.196404	 -0.40132	  0
  38	   2	  -1	  -1	  f 	  A2/A2	  M2/M2	-1.061500	 0.196404	 -2.19462	  0
  38	   3	   1	   2	  m 	  A1/A2	  M2/M2	-0.232505	-1.646495	 -0.62078	  0
  38	   4	   1	   2	  m 	  A2/A2	  M2/M2	-0.232505	 0.467804	 -1.08827	  1
  38	   5	   1	   2	  f 	  A2/A2	  M1/M2	-0.232505	 1.743425	 -1.02778	  0
  39	   1	  -1	  -1	  m 	  A2/A2	  M2/M2	-0.350420	 0.993323	 -0.21018	  0
  39	   2	  -1	  -1	  f 	  A1/A2	  M2/M2	 0.319134	 0.993323	  0.16128	  0
  39	   3	   1	   2	  m 	  A1/A2	  M2/M2	 0.498576	 1.454690	  0.86753	  1
  39	   4	   1	   2	  m 	  A2/A2	  M2/M2	 0.498576	-1.194563	 -1.12847	  0
  39	   5	   1	   2	  f 	  A1/A2	  M2/M2	 0.498576	-0.603000	 -0.20904	  0
  40	   1	  -1	  -1	  m 	  A2/A2	  M2/M2	 0.240118	 2.023332	 -0.16016	  0
  40	   2	  -1	  -1	  f 	  A1/A2	  M2/M2	-0.139061	 2.023332	  0.81361	  1
  40	   3	   1	   2	  m 	  A1/A2	  M2/M2	 1.933295	 0.277570	 -0.07886	  0
  40	   4	   1	   2	  m 	  A2/A2	  M2/M2	 1.933295	 1.535740	  0.17478	  0
  40	   5	   1	   2	  f 	  A2/A2	  M2/M2	 1.933295	 0.816383	  0.15233	  0
  41	   1	  -1	  -1	  m 	  A2/A2	  M1/M2	 0.296532	 0.513970	 -0.21769	  1
  41	   2	  -1	  -1	  f 	  A2/A2	  M1/M2	-0.549665	 0.513970	 -0.69201	  0
  41	   3	   1	   2	  m 	  A2/A2	  M1/M2	-1.057530	-0.158005	 -1.43979	  0
  41	   4	   1	   2	  m 	  A2/A2	  M1/M2	-1.057530	-0.416377	 -1.93271	  0
  41	   5	   1	   2	  f 	  A2/A2	  M1/M1	-1.057530	-0.298918	 -0.99332	  0
  42	   1	  -1	  -1	  m 	  A2/A2	  M1/M1	-0.242286	-0.450398	 -1.31834	  0
  42	   2	  -1	  -1	  f 	  A2/A2	  M1/M2	-0.010010	-0.450398	 -1.73993	  0
  42	   3	   1	   2	  m 	  A2/A2	  M1/M2	-0.802931	 0.575220	 -0.48908	  0
  42	   4	   1	   2	  m 	  A2/A2	  M1/M1	-0.802931	 1.098979	 -1.53163	  0
  42	   5	   1	   2	  f 	  A2/A2	  M1/M1	-0.802931	-0.766438	 -1.25955	  0
  43	   1	  -1	  -1	  m 	  A2/A2	  M1/M1	 0.268648	-0.280090	 -1.24377	  0
  43	   2	  -1	  -1	  f 	  A1/A2	  M2/M2	 0.741740	-0.280090	 -0.76134	  0
  43	   3	   1	   2	  m 	  A1/A2	  M1/M2	 0.772841	-2.539661	 -0.82276	  0
  43	   4	   1	   2	  m 	  A2/A2	  M1/M2	 0.772841	 0.790312	 -1.97508	  1
  43	   5	   1	   2	  f 	  A2/A2	  M1/M2	 0.772841	 0.071939	 -1.27224	  0
  44	   1	  -1	  -1	  m 	  A1/A2	  M1/M1	 0.925874	-0.829442	  0.30646	  1
  44	   2	  -1	  -1	  f 	  A1/A2	  M1/M2	 0.527083	-0.829442	 -0.61151	  0
  44	   3	   1	   2	  m 	  A1/A1	  M1/M1	-1.226530	 0.431986	  1.04731	  0
  44	   4	   1	   2	  m 	  A1/A2	  M1/M1	-1.226530	-1.680916	 -1.14396	  0
  44	   5	   1	   2	  f 	  A1/A2	  M1/M2	-1.226530	-0.368616	 -0.48243	  0
  45	   1	  -1	  -1	  m 	  A2/A2	  M2/M2	 0.193884	 1.217193	 -0.79811	  0
  45	   2	  -1	  -1	  f 	  A2/A2	  M2/M2	 0.407733	 1.217193	 -0.20809	  0
  45	   3	   1	   2	  m 	  A2/A2	  M2/M2	 0.473482	 0.441151	 -0.61322	  0
  45	   4	   1	   2	  m 	  A2/A2	  M2/M2	 0.473482	-2.363665	 -0.35337	  0
  45	   5	   1	   2	  f 	  A2/A2	  M2/M2	 0.473482	-1.319717	 -1.12913	  0
  46	   1	  -1	  -1	  m 	  A2/A2	  M1/M2	-1.321717	-0.804724	 -0.65400	  0
  46	   2	  -1	  -1	  f 	  A1/A2	  M2/M2	 0.230828	-0.804724	 -0.28136	  0
  46	   3	   1	   2	  m 	  A1/A2	  M2/M2	-1.979037	 0.498503	 -0.49697	  0
  46	   4	   1	   2	  m 	  A1/A2	  M1/M2	-1.979037	 1.450180	  0.32500	  0
  46	   5	   1	   2	  f 	  A1/A2	  M2/M2	-1.979037	 1.338102	  1.04304	  0
  47	   1	  -1	  -1	  m 	  A2/A2	  M2/M2	-0.388438	-1.708219	 -0.45726	  0
  47	   2	  -1	  -1	  f 	  A1/A2	  M1/M2	-1.912098	-1.708219	 -1.20154	  0
  47	   3	   1	   2	  m 	  A2/A2	  M1/M2	-1.332378	-3.265654	 -2.80616	  0
  47	   4	   1	   2	  m 	  A1/A2	  M1/M2	-1.332378	-0.272014	 -1.77384	  0
  47	   5	   1	   2	  f 	  A2/A2	  M1/M2	-1.332378	 1.043297	 -1.70468	  0
  48	   1	  -1	  -1	  m 	  A2/A2	  M2/M2	 0.742674	 0.845154	  0.00905	  1
  48	   2	  -1	  -1	  f 	  A1/A2	  M2/M2	-0.200720	 0.845154	 -0.11287	  0
  48	   3	   1	   2	  m 	  A2/A2	  M2/M2	-0.349946	 0.022314	 -0.36831	  1
  48	   4	   1	   2	  m 	  A1/A2	  M2/M2	-0.349946	-0.550034	 -0.20271	  0
  48	   5	   1	   2	  f 	  A1/A2	  M2/M2	-0.349946	-0.166513	  1.40357	  0
  49	   1	  -1	  -1	  m 	  A2/A2	  M2/M2	-0.112081	-3.048688	 -2.15796	  0
  49	   2	  -1	  -1	  f 	  A1/A2	  M2/M2	 0.528391	-3.048688	 -0.68796	  0
  49	   3	   1	   2	  m 	  A2/A2	  M2/M2	 1.696593	-0.030102	 -0.16539	  0
  49	   4	   1	   2	  m 	  A2/A2	  M2/M2	 1.696593	-0.875585	 -0.98242	  0
  49	   5	   1	   2	  f 	  A1/A2	  M2/M2	 1.696593	 2.215539	  2.66305	  1
  50	   1	  -1	  -1	  m 	  A1/A2	  M1/M2	 1.016155	-0.606204	 -0.27580	  0
  50	   2	  -1	  -1	  f 	  A2/A2	  M2/M2	 0.831782	-0.606204	 -0.58536	  1
  50	   3	   1	   2	  m 	  A2/A2	  M1/M2	 0.323172	-0.627461	 -1.14148	  0
  50	   4	   1	   2	  m 	  A2/A2	  M2/M2	 0.323172	 0.446640	 -0.54220	  1
  50	   5	   1	   2	  f 	  A2/A2	  M2/M2	 0.323172	 0.374853	 -1.79984	  0
  51	   1	  -1	  -1	  m 	  A1/A2	  M1/M2	-2.230516	-0.479412	  0.12358	  0
  51	   2	  -1	  -1	  f 	  A2/A2	  M2/M2	-1.031917	-0.479412	 -0.85494	  0
  51	   3	   1	   2	  m 	  A1/A2	  M1/M2	 0.098278	-0.043463	  0.18456	  1
  51	   4	   1	   2	  m 	  A2/A2	  M1/M2	 0.098278	-1.876131	 -1.51020	  0
  51	   5	   1	   2	  f 	  A2/A2	  M2/M2	 0.098278	 0.718558	 -0.52907	  0
  52	   1	  -1	  -1	  m 	  A1/A2	  M2/M2	-1.021605	 0.731420	 -0.99613	  0
  52	   2	  -1	  -1	  f 	  A2/A2	  M1/M2	 0.433557	 0.731420	 -1.34985	  0
  52	   3	   1	   2	  m 	  A2/A2	  M2/M2	-0.233265	-0.062252	 -0.68114	  0
  52	   4	   1	   2	  m 	  A2/A2	  M1/M2	-0.233265	-0.520555	 -1.97240	  0
  52	   5	   1	   2	  f 	  A2/A2	  M1/M2	-0.233265	 0.790678	 -0.87269	  1
  53	   1	  -1	  -1	  m 	  A2/A2	  M2/M2	 1.729350	-0.457753	 -0.66414	  0
  53	   2	  -1	  -1	  f 	  A1/A2	  M1/M1	 1.422521	-0.457753	  0.99978	  0
  53	   3	   1	   2	  m 	  A2/A2	  M1/M2	 0.510896	-1.036216	 -0.70384	  0
  53	   4	   1	   2	  m 	  A2/A2	  M1/M2	 0.510896	 0.307372	 -0.60168	  0
  53	   5	   1	   2	  f 	  A2/A2	  M1/M2	 0.510896	 0.681067	 -1.00682	  1
  54	   1	  -1	  -1	  m 	  A2/A2	  M2/M2	-0.014825	 0.176408	 -1.32183	  1
  54	   2	  -1	  -1	  f 	  A1/A2	  M2/M2	-0.682844	 0.176408	 -0.46651	  0
  54	   3	   1	   2	  m 	  A1/A2	  M2/M2	 0.065896	 0.577465	  0.33502	  0
  54	   4	   1	   2	  m 	  A2/A2	  M2/M2	 0.065896	 1.084155	 -0.96012	  0
  54	   5	   1	   2	  f 	  A2/A2	  M2/M2	 0.065896	 1.194746	 -0.15120	  0
  55	   1	  -1	  -1	  m 	  A2/A2	  M1/M2	-0.633508	-0.028585	 -1.45395	  0
  55	   2	  -1	  -1	  f 	  A1/A2	  M1/M2	 0.004872	-0.028585	 -0.51896	  0
  55	   3	   1	   2	  m 	  A1/A2	  M1/M2	-1.882718	 0.177716	 -0.39400	  0
  55	   4	   1	   2	  m 	  A1/A2	  M1/M2	-1.882718	 0.518675	 -0.17472	  0
  55	   5	   1	   2	  f 	  A2/A2	  M1/M2	-1.882718	-0.753771	 -1.57058	  0
  56	   1	  -1	  -1	  m 	  A2/A2	  M2/M2	-0.624077	 0.890488	 -1.57234	  0
  56	   2	  -1	  -1	  f 	  A2/A2	  M1/M2	-1.858713	 0.890488	 -1.47520	  0
  56	   3	   1	   2	  m 	  A2/A2	  M2/M2	-0.427096	 0.186029	 -1.34839	  0
  56	   4	   1	   2	  m 	  A2/A2	  M1/M2	-0.427096	-1.358402	 -0.87408	  0
  56	   5	   1	   2	  f 	  A2/A2	  M2/M2	-0.427096	-0.574658	 -1.69128	  0
  57	   1	  -1	  -1	  m 	  A1/A1	  M2/M2	-0.976539	-0.286517	  0.32750	  0
  57	   2	  -1	  -1	  f 	  A2/A2	  M2/M2	-0.870280	-0.286517	 -1.18444	  0
  57	   3	   1	   2	  m 	  A1/A2	  M2/M2	 0.403886	 0.510723	  0.75232	  0
  57	   4	   1	   2	  m 	  A1/A2	  M2/M2	 0.403886	 0.231241	  0.61973	  0
  57	   5	   1	   2	  f 	  A1/A2	  M2/M2	 0.403886	-1.197241	 -0.62725	  0
  58	   1	  -1	  -1	  m 	  A1/A2	  M2/M2	 0.589346	 1.057672	  0.80692	  0
  58	   2	  -1	  -1	  f 	  A1/A2	  M2/M2	 0.055658	 1.057672	  0.43815	  0
  58	   3	   1	   2	  m 	  A2/A2	  M2/M2	-0.620112	 0.926206	  0.00186	  0
  58	   4	   1	   2	  m 	  A1/A2	  M2/M2	-0.620112	 0.069322	  0.00401	  0
  58	   5	   1	   2	  f 	  A1/A2	  M2/M2	-0.620112	 1.335970	  0.75868	  1
  59	   1	  -1	  -1	  m 	  A2/A2	  M1/M1	-0.667269	-0.600503	 -1.01660	  0
  59	   2	  -1	  -1	  f 	  A1/A2	  M2/M2	-0.472920	-0.600503	  0.19887	  0
  59	   3	   1	   2	  m 	  A2/A2	  M1/M2	-0.273655	 0.045534	 -1.51812	  0
  59	   4	   1	   2	  m 	  A1/A2	  M1/M2	-0.273655	 0.060109	 -0.46381	  0
  59	   5	   1	   2	  f 	  A1/A2	  M1/M2	-0.273655	 0.341431	 -0.49222	  0
  60	   1	  -1	  -1	  m 	  A2/A2	  M2/M2	 0.311116	-0.680535	 -1.54507	  0
  60	   2	  -1	  -1	  f 	  A2/A2	  M1/M2	 0.449505	-0.680535	 -1.31878	  0
  60	   3	   1	   2	  m 	  A2/A2	  M1/M2	-0.920046	-1.178807	 -1.54098	  0
  60	   4	   1	   2	  m 	  A2/A2	  M2/M2	-0.920046	-1.107313	 -1.33358	  0
  60	   5	   1	   2	  f 	  A2/A2	  M1/M2	-0.920046	-0.076215	 -2.06701	  0
  61	   1	  -1	  -1	  m 	  A2/A2	  M1/M2	 0.380596	-1.277880	 -0.81975	  0
  61	   2	  -1	  -1	  f 	  A1/A2	  M2/M2	 1.367164	-1.277880	 -0.16452	  0
  61	   3	   1	   2	  m 	  A2/A2	  M2/M2	-2.064301	-0.686519	 -2.17700	  0
  61	   4	   1	   2	  m 	  A1/A2	  M1/M2	-2.064301	 0.742224	 -0.74299	  0
  61	   5	   1	   2	  f 	  A2/A2	  M1/M2	-2.064301	-0.332436	 -1.14467	  0
  62	   1	  -1	  -1	  m 	  A2/A2	  M1/M2	 0.211129	-1.319190	 -1.43775	  0
  62	   2	  -1	  -1	  f 	  A2/A2	  M2/M2	 2.416536	-1.319190	 -0.47147	  0
  62	   3	   1	   2	  m 	  A2/A2	  M1/M2	 0.165500	 0.986212	 -0.59653	  0
  62	   4	   1	   2	  m 	  A2/A2	  M2/M2	 0.165500	-1.575135	 -2.76733	  0
  62	   5	   1	   2	  f 	  A2/A2	  M1/M2	 0.165500	 1.540080	 -1.17367	  0
  63	   1	  -1	  -1	  m 	  A2/A2	  M2/M2	 0.806427	-0.995555	 -1.00500	  0
  63	   2	  -1	  -1	  f 	  A1/A2	  M2/M2	 0.069571	-0.995555	 -0.35748	  0
  63	   3	   1	   2	  m 	  A1/A2	  M2/M2	-1.126758	 0.981148	 -0.04839	  0
  63	   4	   1	   2	  m 	  A2/A2	  M2/M2	-1.126758	-0.966926	 -2.05943	  0
  63	   5	   1	   2	  f 	  A1/A2	  M2/M2	-1.126758	 0.788342	 -0.36244	  0
  64	   1	  -1	  -1	  m 	  A2/A2	  M1/M2	 1.461855	 0.207422	 -0.48813	  0
  64	   2	  -1	  -1	  f 	  A2/A2	  M2/M2	 0.095728	 0.207422	  0.20824	  0
  64	   3	   1	   2	  m 	  A2/A2	  M2/M2	-0.311665	 1.734704	  0.30007	  0
  64	   4	   1	   2	  m 	  A2/A2	  M2/M2	-0.311665	-2.630142	 -1.68369	  0
  64	   5	   1	   2	  f 	  A2/A2	  M1/M2	-0.311665	 0.333568	 -0.49929	  0
  65	   1	  -1	  -1	  m 	  A2/A2	  M2/M2	 0.021350	 0.993496	 -1.04391	  1
  65	   2	  -1	  -1	  f 	  A1/A2	  M2/M2	 0.587453	 0.993496	  1.23520	  0
  65	   3	   1	   2	  m 	  A1/A2	  M2/M2	 0.090869	-2.354963	 -0.86984	  0
  65	   4	   1	   2	  m 	  A2/A2	  M2/M2	 0.090869	-0.581205	 -0.85013	  0
  65	   5	   1	   2	  f 	  A1/A2	  M2/M2	 0.090869	 1.218522	  0.65924	  1
  66	   1	  -1	  -1	  m 	  A2/A2	  M2/M2	 0.022762	 0.017660	 -0.18386	  1
  66	   2	  -1	  -1	  f 	  A2/A2	  M1/M2	-1.070063	 0.017660	 -0.88844	  0
  66	   3	   1	   2	  m 	  A2/A2	  M1/M2	-0.196887	-0.717527	 -1.13922	  0
  66	   4	   1	   2	  m 	  A2/A2	  M1/M2	-0.196887	-0.475857	 -0.92224	  0
  66	   5	   1	   2	  f 	  A2/A2	  M1/M2	-0.196887	-1.078779	 -0.20461	  0
  67	   1	  -1	  -1	  m 	  A2/A2	  M2/M2	 0.070096	-0.755223	 -0.85994	  0
  67	   2	  -1	  -1	  f 	  A2/A2	  M1/M2	-1.261451	-0.755223	 -1.83187	  0
  67	   3	   1	   2	  m 	  A2/A2	  M1/M2	-1.743859	-0.926486	 -1.15242	  0
  67	   4	   1	   2	  m 	  A2/A2	  M2/M2	-1.743859	 0.374547	 -0.83329	  0
  67	   5	   1	   2	  f 	  A2/A2	  M2/M2	-1.743859	-0.481141	 -0.96670	  0
  68	   1	  -1	  -1	  m 	  A2/A2	  M2/M2	-2.190452	 0.687610	 -1.44947	  0
  68	   2	  -1	  -1	  f 	  A1/A2	  M2/M2	 0.129331	 0.687610	 -0.42626	  0
  68	   3	   1	   2	  m 	  A2/A2	  M2/M2	-1.790223	-1.736356	 -1.33026	  0
  68	   4	   1	   2	  m 	  A2/A2	  M2/M2	-1.790223	 0.570498	 -1.11194	  0
  68	   5	   1	   2	  f 	  A2/A2	  M2/M2	-1.790223	 1.524576	 -1.10769	  0
  69	   1	  -1	  -1	  m 	  A1/A1	  M1/M2	 0.261524	-0.203015	  0.32610	  0
  69	   2	  -1	  -1	  f 	  A2/A2	  M2/M2	-0.625400	-0.203015	 -1.97528	  0
  69	   3	   1	   2	  m 	  A1/A2	  M2/M2	 2.610544	-0.296486	  1.36807	  0
  69	   4	   1	   2	  m 	  A1/A2	  M2/M2	 2.610544	-0.577767	  0.03889	  0
  69	   5	   1	   2	  f 	  A1/A2	  M2/M2	 2.610544	-1.683856	 -0.29339	  0
  70	   1	  -1	  -1	  m 	  A1/A2	  M1/M2	 0.411043	-0.211987	  0.79430	  1
  70	   2	  -1	  -1	  f 	  A2/A2	  M2/M2	 0.212328	-0.211987	 -0.90513	  0
  70	   3	   1	   2	  m 	  A1/A2	  M1/M2	 0.151173	 0.374580	  0.28324	  0
  70	   4	   1	   2	  m 	  A2/A2	  M1/M2	 0.151173	 0.218091	  0.00778	  1
  70	   5	   1	   2	  f 	  A1/A2	  M2/M2	 0.151173	-0.551837	  0.66054	  0
  71	   1	  -1	  -1	  m 	  A2/A2	  M2/M2	-0.239756	-0.375392	 -1.49216	  0
  71	   2	  -1	  -1	  f 	  A1/A2	  M2/M2	-2.668665	-0.375392	 -0.64667	  0
  71	   3	   1	   2	  m 	  A1/A2	  M2/M2	-0.023116	-0.301451	  0.40474	  1
  71	   4	   1	   2	  m 	  A2/A2	  M2/M2	-0.023116	 0.439520	 -0.84391	  0
  71	   5	   1	   2	  f 	  A1/A2	  M2/M2	-0.023116	 0.192242	  0.31050	  0
  72	   1	  -1	  -1	  m 	  A2/A2	  M2/M2	 1.949730	 0.818091	 -0.20697	  1
  72	   2	  -1	  -1	  f 	  A2/A2	  M2/M2	 0.740554	 0.818091	  0.32928	  1
  72	   3	   1	   2	  m 	  A2/A2	  M2/M2	 0.851197	-1.953953	 -0.68075	  0
  72	   4	   1	   2	  m 	  A2/A2	  M2/M2	 0.851197	 1.666904	 -0.62723	  0
  72	   5	   1	   2	  f 	  A2/A2	  M2/M2	 0.851197	-0.437725	 -1.12106	  0
  73	   1	  -1	  -1	  m 	  A2/A2	  M1/M2	-0.595601	 1.219923	 -0.37187	  0
  73	   2	  -1	  -1	  f 	  A2/A2	  M2/M2	 1.323166	 1.219923	 -0.57031	  1
  73	   3	   1	   2	  m 	  A2/A2	  M1/M2	 0.097105	 0.789247	 -0.38700	  1
  73	   4	   1	   2	  m 	  A2/A2	  M1/M2	 0.097105	 0.544450	  0.13445	  0
  73	   5	   1	   2	  f 	  A2/A2	  M1/M2	 0.097105	-1.254179	 -1.12350	  0
  74	   1	  -1	  -1	  m 	  A1/A2	  M2/M2	-0.802308	-0.321028	  0.52763	  0
  74	   2	  -1	  -1	  f 	  A2/A2	  M2/M2	 1.910938	-0.321028	 -0.56568	  0
  74	   3	   1	   2	  m 	  A2/A2	  M2/M2	 0.261812	 0.614637	 -0.57830	  0
  74	   4	   1	   2	  m 	  A2/A2	  M2/M2	 0.261812	 0.147598	  0.39254	  0
  74	   5	   1	   2	  f 	  A1/A2	  M2/M2	 0.261812	 0.067249	 -0.15824	  0
  75	   1	  -1	  -1	  m 	  A1/A2	  M1/M2	 1.150368	-0.493647	  0.37168	  0
  75	   2	  -1	  -1	  f 	  A2/A2	  M1/M2	-1.404806	-0.493647	 -1.39717	  0
  75	   3	   1	   2	  m 	  A1/A2	  M2/M2	-1.307791	-0.057961	 -0.05554	  0
  75	   4	   1	   2	  m 	  A2/A2	  M1/M2	-1.307791	 0.885413	 -0.56562	  0
  75	   5	   1	   2	  f 	  A2/A2	  M2/M2	-1.307791	 1.203552	 -1.69990	  0
  76	   1	  -1	  -1	  m 	  A2/A2	  M2/M2	-1.220929	 1.253558	 -1.14088	  0
  76	   2	  -1	  -1	  f 	  A1/A2	  M2/M2	-0.993160	 1.253558	  1.17920	  0
  76	   3	   1	   2	  m 	  A1/A2	  M2/M2	 1.589714	 0.050244	  1.09749	  1
  76	   4	   1	   2	  m 	  A2/A2	  M2/M2	 1.589714	 0.259351	 -0.30554	  0
  76	   5	   1	   2	  f 	  A2/A2	  M2/M2	 1.589714	 0.451115	 -0.28152	  1
  77	   1	  -1	  -1	  m 	  A2/A2	  M1/M2	 0.055108	-0.692330	 -0.12175	  0
  77	   2	  -1	  -1	  f 	  A1/A2	  M2/M2	 0.369215	-0.692330	  0.53162	  0
  77	   3	   1	   2	  m 	  A2/A2	  M1/M2	 0.341008	 2.582568	  1.21278	  1
  77	   4	   1	   2	  m 	  A2/A2	  M2/M2	 0.341008	 1.137595	 -1.44878	  0
  77	   5	   1	   2	  f 	  A1/A2	  M1/M2	 0.341008	-0.665188	 -0.23717	  0
  78	   1	  -1	  -1	  m 	  A1/A2	  M1/M2	 0.636291	-0.914571	 -0.95780	  0
  78	   2	  -1	  -1	  f 	  A1/A2	  M1/M2	 0.149531	-0.914571	 -0.66786	  0
  78	   3	   1	   2	  m 	  A2/A2	  M1/M1	-0.541658	 0.382266	 -1.11526	  0
  78	   4	   1	   2	  m 	  A1/A1	  M1/M1	-0.541658	-2.476637	 -0.25328	  0
  78	   5	   1	   2	  f 	  A2/A2	  M1/M2	-0.541658	-0.436285	 -1.32797	  0
  79	   1	  -1	  -1	  m 	  A2/A2	  M2/M2	 0.541960	-0.956736	 -0.07980	  0
  79	   2	  -1	  -1	  f 	  A2/A2	  M2/M2	-0.519995	-0.956736	 -0.75502	  0
  79	   3	   1	   2	  m 	  A2/A2	  M2/M2	-2.445019	 1.413003	 -1.13222	  0
  79	   4	   1	   2	  m 	  A2/A2	  M2/M2	-2.445019	-0.378355	 -2.81530	  0
  79	   5	   1	   2	  f 	  A2/A2	  M2/M2	-2.445019	 0.271990	 -1.31112	  0
  80	   1	  -1	  -1	  m 	  A1/A2	  M2/M2	-0.265783	 0.939235	  0.39834	  0
  80	   2	  -1	  -1	  f 	  A2/A2	  M2/M2	 0.613370	 0.939235	  0.18562	  0
  80	   3	   1	   2	  m 	  A1/A2	  M2/M2	 0.157815	-0.948671	 -1.21547	  0
  80	   4	   1	   2	  m 	  A1/A2	  M2/M2	 0.157815	-0.645449	 -1.05838	  0
  80	   5	   1	   2	  f 	  A2/A2	  M2/M2	 0.157815	-0.157112	 -1.65449	  0
  81	   1	  -1	  -1	  m 	  A2/A2	  M2/M2	 0.209488	-0.007271	 -0.29276	  0
  81	   2	  -1	  -1	  f 	  A2/A2	  M2/M2	-1.163062	-0.007271	 -1.07014	  0
  81	   3	   1	   2	  m 	  A2/A2	  M2/M2	 0.066204	 0.906645	 -1.48954	  0
  81	   4	   1	   2	  m 	  A2/A2	  M2/M2	 0.066204	-0.095796	 -0.75133	  0
  81	   5	   1	   2	  f 	  A2/A2	  M2/M2	 0.066204	-0.190885	 -1.59169	  0
  82	   1	  -1	  -1	  m 	  A2/A2	  M1/M2	-1.216101	 0.300588	 -1.51831	  0
  82	   2	  -1	  -1	  f 	  A1/A2	  M2/M2	 1.491561	 0.300588	 -0.02627	  0
  82	   3	   1	   2	  m 	  A1/A2	  M2/M2	 0.312435	 0.742672	  1.05392	  1
  82	   4	   1	   2	  m 	  A2/A2	  M1/M2	 0.312435	-0.096957	 -1.46225	  0
  82	   5	   1	   2	  f 	  A2/A2	  M1/M2	 0.312435	 0.224584	 -0.82588	  0
  83	   1	  -1	  -1	  m 	  A2/A2	  M1/M2	-0.177722	-1.386114	 -1.92483	  0
  83	   2	  -1	  -1	  f 	  A2/A2	  M1/M2	 0.186553	-1.386114	 -1.21725	  0
  83	   3	   1	   2	  m 	  A2/A2	  M1/M1	-0.225803	-0.969112	 -1.84582	  0
  83	   4	   1	   2	  m 	  A2/A2	  M1/M2	-0.225803	-0.024877	 -0.67395	  0
  83	   5	   1	   2	  f 	  A2/A2	  M1/M2	-0.225803	-0.216258	 -0.74750	  0
  84	   1	  -1	  -1	  m 	  A2/A2	  M2/M2	-0.253108	-0.603922	 -2.32804	  0
  84	   2	  -1	  -1	  f 	  A1/A2	  M1/M2	-1.556726	-0.603922	  0.02458	  0
  84	   3	   1	   2	  m 	  A1/A2	  M2/M2	-1.131963	 0.039760	 -0.64513	  0
  84	   4	   1	   2	  m 	  A2/A2	  M1/M2	-1.131963	-0.854633	 -1.15505	  0
  84	   5	   1	   2	  f 	  A2/A2	  M2/M2	-1.131963	 1.137758	  0.12922	  1
  85	   1	  -1	  -1	  m 	  A2/A2	  M2/M2	-0.605705	-0.805350	 -1.33144	  0
  85	   2	  -1	  -1	  f 	  A2/A2	  M2/M2	-1.425521	-0.805350	 -0.88806	  0
  85	   3	   1	   2	  m 	  A2/A2	  M2/M2	 1.496000	 0.335904	 -0.72224	  0
  85	   4	   1	   2	  m 	  A2/A2	  M2/M2	 1.496000	-0.351384	 -1.35776	  0
  85	   5	   1	   2	  f 	  A2/A2	  M2/M2	 1.496000	 0.353403	 -0.45555	  1
  86	   1	  -1	  -1	  m 	  A1/A2	  M1/M2	-0.544046	 1.189297	  1.00593	  1
  86	   2	  -1	  -1	  f 	  A2/A2	  M2/M2	 0.054906	 1.189297	 -0.74070	  0
  86	   3	   1	   2	  m 	  A2/A2	  M2/M2	 0.628977	-1.752723	 -1.07051	  0
  86	   4	   1	   2	  m 	  A2/A2	  M2/M2	 0.628977	-0.237572	  0.87208	  0
  86	   5	   1	   2	  f 	  A2/A2	  M1/M2	 0.628977	-0.102393	 -0.48626	  0
  87	   1	  -1	  -1	  m 	  A1/A2	  M2/M2	 0.746682	 0.289392	 -0.07828	  0
  87	   2	  -1	  -1	  f 	  A2/A2	  M2/M2	 0.348024	 0.289392	 -1.09031	  0
  87	   3	   1	   2	  m 	  A1/A2	  M2/M2	 0.713315	-0.331693	 -0.50548	  0
  87	   4	   1	   2	  m 	  A2/A2	  M2/M2	 0.713315	 0.259240	 -0.09386	  0
  87	   5	   1	   2	  f 	  A1/A2	  M2/M2	 0.713315	 0.719678	 -0.51374	  0
  88	   1	  -1	  -1	  m 	  A1/A2	  M1/M2	-1.244188	-0.082001	  0.33034	  0
  88	   2	  -1	  -1	  f 	  A1/A2	  M2/M2	 0.758341	-0.082001	  0.95684	  0
  88	   3	   1	   2	  m 	  A1/A1	  M1/M2	 0.986018	 2.373957	  2.29577	  0
  88	   4	   1	   2	  m 	  A1/A1	  M2/M2	 0.986018	-0.264161	  1.29197	  0
  88	   5	   1	   2	  f 	  A1/A2	  M2/M2	 0.986018	-0.372518	  0.41555	  0
  89	   1	  -1	  -1	  m 	  A2/A2	  M2/M2	 0.774218	-1.632507	 -1.05170	  0
  89	   2	  -1	  -1	  f 	  A2/A2	  M2/M2	-1.924040	-1.632507	 -0.77375	  0
  89	   3	   1	   2	  m 	  A2/A2	  M2/M2	 0.321206	-0.497670	 -0.53803	  0
  89	   4	   1	   2	  m 	  A2/A2	  M2/M2	 0.321206	-0.614541	 -0.34383	  0
  89	   5	   1	   2	  f 	  A2/A2	  M2/M2	 0.321206	-0.239296	 -0.08099	  0
  90	   1	  -1	  -1	  m 	  A2/A2	  M1/M2	 0.306815	-0.918093	 -1.22377	  0
  90	   2	  -1	  -1	  f 	  A2/A2	  M1/M2	 1.110889	-0.918093	 -0.32219	  0
  90	   3	   1	   2	  m 	  A2/A2	  M2/M2	 1.064946	-0.053846	 -0.97415	  1
  90	   4	   1	   2	  m 	  A2/A2	  M2/M2	 1.064946	 0.427768	 -0.03317	  1
  90	   5	   1	   2	  f 	  A2/A2	  M1/M2	 1.064946	 0.772762	 -0.37664	  0
  91	   1	  -1	  -1	  m 	  A2/A2	  M2/M2	-1.220490	-0.272555	 -1.80489	  0
  91	   2	  -1	  -1	  f 	  A2/A2	  M1/M2	-0.723112	-0.272555	 -0.30041	  0
  91	   3	   1	   2	  m 	  A2/A2	  M2/M2	 0.372751	-0.087445	 -1.71305	  0
  91	   4	   1	   2	  m 	  A2/A2	  M1/M2	 0.372751	-0.758000	 -1.06930	  0
  91	   5	   1	   2	  f 	  A2/A2	  M1/M2	 0.372751	-1.402361	 -0.44443	  0
  92	   1	  -1	  -1	  m 	  A2/A2	  M1/M2	 1.481025	 0.895532	  0.14614	  0
  92	   2	  -1	  -1	  f 	  A1/A2	  M2/M2	-0.400154	 0.895532	 -0.22393	  1
  92	   3	   1	   2	  m 	  A2/A2	  M2/M2	 0.544500	-0.678166	 -1.32946	  0
  92	   4	   1	   2	  m 	  A2/A2	  M2/M2	 0.544500	-0.703953	 -1.41722	  0
  92	   5	   1	   2	  f 	  A2/A2	  M2/M2	 0.544500	-0.706621	 -0.92864	  0
  93	   1	  -1	  -1	  m 	  A1/A2	  M2/M2	 0.387073	 0.478275	 -0.27884	  0
  93	   2	  -1	  -1	  f 	  A1/A2	  M1/M1	 0.593894	 0.478275	  0.45131	  0
  93	   3	   1	   2	  m 	  A1/A1	  M1/M2	-1.941551	-1.495255	  0.29534	  0
  93	   4	   1	   2	  m 	  A2/A2	  M1/M2	-1.941551	 1.416561	 -0.40799	  0
  93	   5	   1	   2	  f 	  A1/A2	  M1/M2	-1.941551	 1.507770	 -0.29739	  0
  94	   1	  -1	  -1	  m 	  A1/A2	  M2/M2	 2.516653	 0.187121	 -0.10863	  1
  94	   2	  -1	  -1	  f 	  A1/A2	  M1/M2	 1.324091	 0.187121	  0.32830	  0
  94	   3	   1	   2	  m 	  A1/A2	  M1/M2	 0.181373	 1.017604	  1.25140	  1
  94	   4	   1	   2	  m 	  A1/A2	  M1/M2	 0.181373	-0.684694	 -0.22543	  0
  94	   5	   1	   2	  f 	  A2/A2	  M1/M2	 0.181373	 0.168305	 -0.73922	  0
  95	   1	  -1	  -1	  m 	  A2/A2	  M2/M2	-0.450835	 2.322734	 -0.50738	  0
  95	   2	  -1	  -1	  f 	  A2/A2	  M2/M2	-0.023869	 2.322734	  0.08317	  0
  95	   3	   1	   2	  m 	  A2/A2	  M2/M2	-0.690808	-1.195706	 -2.51345	  0
  95	   4	   1	   2	  m 	  A2/A2	  M2/M2	-0.690808	 0.740169	 -2.58555	  0
  95	   5	   1	   2	  f 	  A2/A2	  M2/M2	-0.690808	-0.078098	 -1.73888	  0
  96	   1	  -1	  -1	  m 	  A1/A2	  M2/M2	 0.669854	-0.040505	 -0.49968	  0
  96	   2	  -1	  -1	  f 	  A2/A2	  M1/M2	 0.306502	-0.040505	 -0.64490	  0
  96	   3	   1	   2	  m 	  A2/A2	  M2/M2	-0.327284	 0.758616	 -1.67662	  0
  96	   4	   1	   2	  m 	  A2/A2	  M2/M2	-0.327284	-1.210908	 -1.93496	  0
  96	   5	   1	   2	  f 	  A2/A2	  M1/M2	-0.327284	 2.166361	 -1.01640	  0
  97	   1	  -1	  -1	  m 	  A1/A2	  M2/M2	-2.026768	 2.319535	  0.83139	  0
  97	   2	  -1	  -1	  f 	  A2/A2	  M1/M2	-0.274696	 2.319535	  0.12739	  0
  97	   3	   1	   2	  m 	  A1/A2	  M1/M2	 0.329480	-1.917036	 -0.34400	  0
  97	   4	   1	   2	  m 	  A2/A2	  M2/M2	 0.329480	-0.145491	  0.21148	  0
  97	   5	   1	   2	  f 	  A2/A2	  M2/M2	 0.329480	 0.541515	 -0.27038	  1
  98	   1	  -1	  -1	  m 	  A2/A2	  M2/M2	 0.695741	 1.233523	 -0.28258	  0
  98	   2	  -1	  -1	  f 	  A2/A2	  M2/M2	 1.087721	 1.233523	 -0.17389	  0
  98	   3	   1	   2	  m 	  A2/A2	  M2/M2	-0.989854	 0.320595	 -1.53186	  0
  98	   4	   1	   2	  m 	  A2/A2	  M2/M2	-0.989854	-0.544710	 -1.27614	  0
  98	   5	   1	   2	  f 	  A2/A2	  M2/M2	-0.989854	 1.115160	 -0.82382	  0
  99	   1	  -1	  -1	  m 	  A2/A2	  M2/M2	-0.376849	 0.288907	 -1.14337	  0
  99	   2	  -1	  -1	  f 	  A2/A2	  M1/M2	-0.151771	 0.288907	 -0.55915	  0
  99	   3	   1	   2	  m 	  A2/A2	  M2/M2	 0.341113	 0.431607	  0.02561	  0
  99	   4	   1	   2	  m 	  A2/A2	  M2/M2	 0.341113	-0.080652	 -1.56820	  0
  99	   5	   1	   2	  f 	  A2/A2	  M2/M2	 0.341113	-0.296608	 -1.58036	  0
 100	   1	  -1	  -1	  m 	  A2/A2	  M2/M2	 1.695902	 1.292391	 -0.76671	  0
 100	   2	  -1	  -1	  f 	  A1/A2	  M2/M2	-0.888927	 1.292391	  1.39755	  0
 100	   3	   1	   2	  m 	  A2/A2	  M2/M2	 0.412699	-0.073181	  0.00009	  0
 100	   4	   1	   2	  m 	  A2/A2	  M2/M2	 0.412699	 0.713844	 -1.15985	  0
 100	   5	   1	   2	  f 	  A2/A2	  M2/M2	 0.412699	 0.582608	 -1.20930	  0
 101	   1	  -1	  -1	  m 	  A2/A2	  M1/M2	-0.522743	 0.930004	 -0.03696	  1
 101	   2	  -1	  -1	  f 	  A2/A2	  M2/M2	 2.070758	 0.930004	 -0.15016	  1
 101	   3	   1	   2	  m 	  A2/A2	  M1/M2	 1.253335	-1.055579	 -0.76053	  0
 101	   4	   1	   2	  m 	  A2/A2	  M1/M2	 1.253335	-1.156806	 -0.37112	  0
 101	   5	   1	   2	  f 	  A2/A2	  M1/M2	 1.253335	 0.251086	 -0.70167	  1
 102	   1	  -1	  -1	  m 	  A1/A2	  M2/M2	 1.201871	 0.422132	  0.59662	  1
 102	   2	  -1	  -1	  f 	  A2/A2	  M2/M2	 0.156482	 0.422132	 -1.58526	  0
 102	   3	   1	   2	  m 	  A1/A2	  M2/M2	 0.384250	 0.795771	  0.11284	  0
 102	   4	   1	   2	  m 	  A2/A2	  M2/M2	 0.384250	-1.305764	 -1.36723	  0
 102	   5	   1	   2	  f 	  A2/A2	  M2/M2	 0.384250	 0.331338	 -1.41278	  0
 103	   1	  -1	  -1	  m 	  A1/A2	  M2/M2	-0.186567	 2.149515	 -0.12621	  0
 103	   2	  -1	  -1	  f 	  A2/A2	  M2/M2	-0.546745	 2.149515	 -0.77152	  0
 103	   3	   1	   2	  m 	  A2/A2	  M2/M2	-0.701886	-0.592374	 -0.85789	  0
 103	   4	   1	   2	  m 	  A2/A2	  M2/M2	-0.701886	 0.716495	 -0.48713	  1
 103	   5	   1	   2	  f 	  A1/A2	  M2/M2	-0.701886	 1.160509	 -0.90634	  0
 104	   1	  -1	  -1	  m 	  A1/A2	  M1/M2	 1.065569	-1.216660	  0.37070	  0
 104	   2	  -1	  -1	  f 	  A2/A2	  M2/M2	 0.677451	-1.216660	 -0.70197	  0
 104	   3	   1	   2	  m 	  A1/A2	  M2/M2	 1.531003	-1.054665	 -0.14952	  0
 104	   4	   1	   2	  m 	  A1/A2	  M1/M2	 1.531003	 1.736751	  0.44819	  1
 104	   5	   1	   2	  f 	  A2/A2	  M1/M2	 1.531003	-1.014783	 -1.18040	  0
 105	   1	  -1	  -1	  m 	  A2/A2	  M2/M2	-0.427827	-0.645908	 -0.42741	  0
 105	   2	  -1	  -1	  f 	  A2/A2	  M1/M2	-0.339545	-0.645908	 -0.35734	  0
 105	   3	   1	   2	  m 	  A2/A2	  M2/M2	-0.247923	-0.211510	 -0.42533	  0
 105	   4	   1	   2	  m 	  A2/A2	  M1/M2	-0.247923	-1.146998	 -1.03559	  0
 105	   5	   1	   2	  f 	  A2/A2	  M2/M2	-0.247923	 1.292463	 -0.87458	  0
 106	   1	  -1	  -1	  m 	  A2/A2	  M1/M2	 0.079639	-1.015109	 -1.16084	  0
 106	   2	  -1	  -1	  f 	  A2/A2	  M2/M2	 0.070775	-1.015109	 -0.65894	  0
 106	   3	   1	   2	  m 	  A2/A2	  M2/M2	-0.568564	 0.841743	 -1.39561	  0
 106	   4	   1	   2	  m 	  A2/A2	  M1/M2	-0.568564	-0.927712	 -1.87502	  0
 106	   5	   1	   2	  f 	  A2/A2	  M2/M2	-0.568564	-0.385810	 -1.01841	  0
 107	   1	  -1	  -1	  m 	  A1/A2	  M2/M2	 0.407666	 0.128313	 -0.37825	  0
 107	   2	  -1	  -1	  f 	  A2/A2	  M2/M2	 0.547882	 0.128313	 -1.18752	  0
 107	   3	   1	   2	  m 	  A1/A2	  M2/M2	-0.390472	 0.516720	  0.64146	  0
 107	   4	   1	   2	  m 	  A1/A2	  M2/M2	-0.390472	 0.151872	  0.07482	  0
 107	   5	   1	   2	  f 	  A1/A2	  M2/M2	-0.390472	 1.312474	  0.30593	  0
 108	   1	  -1	  -1	  m 	  A2/A2	  M2/M2	 0.699286	 0.308437	 -1.80608	  0
 108	   2	  -1	  -1	  f 	  A2/A2	  M2/M2	 2.451264	 0.308437	 -0.12048	  0
 108	   3	   1	   2	  m 	  A2/A2	  M2/M2	-0.687294	-1.398365	 -2.22272	  0
 108	   4	   1	   2	  m 	  A2/A2	  M2/M2	-0.687294	 1.006779	 -1.04596	  0
 108	   5	   1	   2	  f 	  A2/A2	  M2/M2	-0.687294	-0.424653	 -2.16758	  0
 109	   1	  -1	  -1	  m 	  A1/A2	  M2/M2	 1.428069	-0.430626	  0.35207	  0
 109	   2	  -1	  -1	  f 	  A1/A2	  M2/M2	 1.514253	-0.430626	 -0.85012	  0
 109	   3	   1	   2	  m 	  A2/A2	  M2/M2	 1.684800	-1.700629	 -2.08252	  0
 109	   4	   1	   2	  m 	  A1/A2	  M2/M2	 1.684800	 0.858350	  0.49332	  0
 109	   5	   1	   2	  f 	  A1/A2	  M2/M2	 1.684800	 0.262427	 -0.32334	  1
 110	   1	  -1	  -1	  m 	  A1/A2	  M2/M2	 1.153838	 0.054403	 -0.34800	  1
 110	   2	  -1	  -1	  f 	  A2/A2	  M1/M2	-0.594628	 0.054403	 -0.94308	  0
 110	   3	   1	   2	  m 	  A1/A2	  M2/M2	-0.973150	-1.453388	 -0.37867	  0
 110	   4	   1	   2	  m 	  A1/A2	  M2/M2	-0.973150	-0.945924	  0.48296	  0
 110	   5	   1	   2	  f 	  A1/A2	  M2/M2	-0.973150	 0.142176	 -0.04598	  0
 111	   1	  -1	  -1	  m 	  A2/A2	  M2/M2	 1.080788	 1.239249	  0.39189	  0
 111	   2	  -1	  -1	  f 	  A1/A2	  M2/M2	-0.915137	 1.239249	 -0.54353	  0
 111	   3	   1	   2	  m 	  A1/A2	  M2/M2	-1.216801	-0.754910	 -0.89725	  0
 111	   4	   1	   2	  m 	  A1/A2	  M2/M2	-1.216801	-1.728208	 -1.58453	  0
 111	   5	   1	   2	  f 	  A1/A2	  M2/M2	-1.216801	-0.485905	 -0.40038	  0
 112	   1	  -1	  -1	  m 	  A1/A1	  M2/M2	-0.348101	-2.046983	  0.28304	  0
 112	   2	  -1	  -1	  f 	  A1/A2	  M1/M2	 0.668623	-2.046983	 -0.51677	  0
 112	   3	   1	   2	  m 	  A1/A1	  M1/M2	-0.415734	 0.734683	  1.05826	  0
 112	   4	   1	   2	  m 	  A1/A1	  M1/M2	-0.415734	-1.576280	  0.12116	  0
 112	   5	   1	   2	  f 	  A1/A2	  M2/M2	-0.415734	-0.164097	 -0.71844	  0
 113	   1	  -1	  -1	  m 	  A2/A2	  M1/M2	-0.782129	 1.268233	 -0.70133	  0
 113	   2	  -1	  -1	  f 	  A1/A2	  M2/M2	-1.484792	 1.268233	 -0.84861	  0
 113	   3	   1	   2	  m 	  A2/A2	  M2/M2	-0.263429	 0.110180	 -0.77861	  0
 113	   4	   1	   2	  m 	  A2/A2	  M2/M2	-0.263429	 0.982976	  0.16333	  0
 113	   5	   1	   2	  f 	  A1/A2	  M2/M2	-0.263429	-0.119890	 -0.05442	  0
 114	   1	  -1	  -1	  m 	  A2/A2	  M2/M2	-2.248023	-0.571652	 -1.61684	  0
 114	   2	  -1	  -1	  f 	  A1/A2	  M2/M2	-0.496591	-0.571652	  0.03319	  0
 114	   3	   1	   2	  m 	  A2/A2	  M2/M2	 2.547696	-0.391854	 -0.72655	  0
 114	   4	   1	   2	  m 	  A2/A2	  M2/M2	 2.547696	-0.541871	 -0.86793	  0
 114	   5	   1	   2	  f 	  A1/A2	  M2/M2	 2.547696	-1.233639	  0.50666	  0
 115	   1	  -1	  -1	  m 	  A1/A2	  M2/M2	-1.246314	 0.310787	 -0.81243	  0
 115	   2	  -1	  -1	  f 	  A1/A2	  M2/M2	-0.285161	 0.310787	 -0.73676	  0
 115	   3	   1	   2	  m 	  A2/A2	  M2/M2	 1.820045	 1.467019	 -1.01243	  1
 115	   4	   1	   2	  m 	  A2/A2	  M2/M2	 1.820045	 0.078836	  0.52507	  0
 115	   5	   1	   2	  f 	  A2/A2	  M2/M2	 1.820045	-0.530542	 -0.79614	  0
 116	   1	  -1	  -1	  m 	  A1/A2	  M2/M2	-1.507282	 0.095854	 -0.21171	  0
 116	   2	  -1	  -1	  f 	  A2/A2	  M2/M2	 0.761186	 0.095854	 -1.27819	  0
 116	   3	   1	   2	  m 	  A2/A2	  M2/M2	-0.743196	-0.923033	 -1.74821	  0
 116	   4	   1	   2	  m 	  A1/A2	  M2/M2	-0.743196	-2.136589	  0.21595	  0
 116	   5	   1	   2	  f 	  A2/A2	  M2/M2	-0.743196	-1.017295	 -1.32006	  0
 117	   1	  -1	  -1	  m 	  A2/A2	  M1/M1	-0.390090	 0.406560	 -1.61199	  0
 117	   2	  -1	  -1	  f 	  A2/A2	  M2/M2	 0.412279	 0.406560	 -0.69363	  0
 117	   3	   1	   2	  m 	  A2/A2	  M1/M2	 0.102184	 0.162409	 -0.79057	  0
 117	   4	   1	   2	  m 	  A2/A2	  M1/M2	 0.102184	 0.991211	 -1.37435	  0
 117	   5	   1	   2	  f 	  A2/A2	  M1/M2	 0.102184	-1.357400	 -1.62465	  0
 118	   1	  -1	  -1	  m 	  A2/A2	  M2/M2	 1.433316	-0.395381	 -1.65535	  0
 118	   2	  -1	  -1	  f 	  A1/A2	  M2/M2	-0.168931	-0.395381	 -0.27248	  0
 118	   3	   1	   2	  m 	  A2/A2	  M2/M2	-2.214619	-0.991734	 -1.16161	  0
 118	   4	   1	   2	  m 	  A2/A2	  M2/M2	-2.214619	 1.037559	 -0.28531	  0
 118	   5	   1	   2	  f 	  A2/A2	  M2/M2	-2.214619	-2.069839	 -1.33874	  0
 119	   1	  -1	  -1	  m 	  A1/A2	  M1/M2	 0.556403	-1.222954	  0.18621	  0
 119	   2	  -1	  -1	  f 	  A2/A2	  M2/M2	-0.807608	-1.222954	 -1.98924	  0
 119	   3	   1	   2	  m 	  A1/A2	  M1/M2	-1.156498	-0.549658	 -1.15152	  0
 119	   4	   1	   2	  m 	  A2/A2	  M2/M2	-1.156498	 1.984144	 -0.56424	  0
 119	   5	   1	   2	  f 	  A2/A2	  M1/M2	-1.156498	-1.061498	 -1.38932	  0
 120	   1	  -1	  -1	  m 	  A2/A2	  M2/M2	-1.083372	 0.404802	 -0.54471	  0
 120	   2	  -1	  -1	  f 	  A2/A2	  M1/M2	-0.173190	 0.404802	 -1.09885	  0
 120	   3	   1	   2	  m 	  A2/A2	  M1/M2	 0.366920	 0.243366	 -0.59156	  0
 120	   4	   1	   2	  m 	  A2/A2	  M2/M2	 0.366920	-0.587637	 -0.98432	  0
 120	   5	   1	   2	  f 	  A2/A2	  M2/M2	 0.366920	-1.196262	 -1.60607	  0
 121	   1	  -1	  -1	  m 	  A1/A2	  M2/M2	-0.775021	-0.278565	 -1.37094	  0
 121	   2	  -1	  -1	  f 	  A2/A2	  M2/M2	-0.627925	-0.278565	 -1.04366	  0
 121	   3	   1	   2	  m 	  A1/A2	  M2/M2	 1.945569	 0.517503	  0.75120	  0
 121	   4	   1	   2	  m 	  A1/A2	  M2/M2	 1.945569	-0.569175	  0.53967	  1
 121	   5	   1	   2	  f 	  A1/A2	  M2/M2	 1.945569	-0.118264	  0.48885	  0
 122	   1	  -1	  -1	  m 	  A2/A2	  M2/M2	-2.847483	 0.298453	 -0.07498	  0
 122	   2	  -1	  -1	  f 	  A1/A1	  M2/M2	-0.296873	 0.298453	  1.05611	  0
 122	   3	   1	   2	  m 	  A1/A2	  M2/M2	 1.717073	-0.725730	  0.44800	  0
 122	   4	   1	   2	  m 	  A1/A2	  M2/M2	 1.717073	 1.660772	  1.54605	  1
 122	   5	   1	   2	  f 	  A1/A2	  M2/M2	 1.717073	-0.411889	  0.59710	  0
 123	   1	  -1	  -1	  m 	  A2/A2	  M1/M2	-0.454612	-0.681702	 -1.41927	  0
 123	   2	  -1	  -1	  f 	  A2/A2	  M2/M2	-0.666753	-0.681702	 -0.67758	  0
 123	   3	   1	   2	  m 	  A2/A2	  M1/M2	 0.050604	 1.194031	 -0.59795	  0
 123	   4	   1	   2	  m 	  A2/A2	  M2/M2	 0.050604	-0.521810	 -0.27534	  0
 123	   5	   1	   2	  f 	  A2/A2	  M1/M2	 0.050604	-0.538418	 -0.45671	  0
 124	   1	  -1	  -1	  m 	  A2/A2	  M2/M2	 1.602470	 1.174995	 -0.31984	  0
 124	   2	  -1	  -1	  f 	  A1/A2	  M2/M2	-1.315201	 1.174995	 -0.24614	  0
 124	   3	   1	   2	  m 	  A1/A2	  M2/M2	 0.235406	-0.628432	  0.49049	  0
 124	   4	   1	   2	  m 	  A2/A2	  M2/M2	 0.235406	-0.088550	 -0.31752	  0
 124	   5	   1	   2	  f 	  A2/A2	  M2/M2	 0.235406	-1.135396	 -0.95251	  0
 125	   1	  -1	  -1	  m 	  A1/A2	  M1/M2	 0.434396	 0.620273	  0.08570	  0
 125	   2	  -1	  -1	  f 	  A2/A2	  M2/M2	-1.360216	 0.620273	 -1.61536	  0
 125	   3	   1	   2	  m 	  A2/A2	  M2/M2	 0.387934	 0.156099	 -1.01840	  0
 125	   4	   1	   2	  m 	  A1/A2	  M1/M2	 0.387934	-2.204074	  0.16047	  0
 125	   5	   1	   2	  f 	  A2/A2	  M1/M2	 0.387934	-1.205229	 -1.00509	  0
 126	   1	  -1	  -1	  m 	  A2/A2	  M2/M2	-1.839117	-1.666076	 -2.32078	  0
 126	   2	  -1	  -1	  f 	  A2/A2	  M2/M2	-0.389235	-1.666076	 -0.18986	  0
 126	   3	   1	   2	  m 	  A2/A2	  M2/M2	-1.450681	-1.500741	 -2.05929	  0
 126	   4	   1	   2	  m 	  A2/A2	  M2/M2	-1.450681	 0.056882	 -2.16865	  0
 126	   5	   1	   2	  f 	  A2/A2	  M2/M2	-1.450681	-0.522375	 -1.95703	  0
 127	   1	  -1	  -1	  m 	  A2/A2	  M1/M2	-0.360794	 0.336915	 -0.39465	  0
 127	   2	  -1	  -1	  f 	  A2/A2	  M2/M2	 0.719853	 0.336915	  0.29381	  0
 127	   3	   1	   2	  m 	  A2/A2	  M1/M2	 0.385459	-0.654700	 -0.37675	  0
 127	   4	   1	   2	  m 	  A2/A2	  M2/M2	 0.385459	-1.098883	 -0.81108	  0
 127	   5	   1	   2	  f 	  A2/A2	  M2/M2	 0.385459	 0.308407	 -0.28094	  0
 128	   1	  -1	  -1	  m 	  A2/A2	  M2/M2	 0.449692	-1.611421	 -0.66044	  0
 128	   2	  -1	  -1	  f 	  A2/A2	  M2/M2	-0.266426	-1.611421	 -1.65196	  0
 128	   3	   1	   2	  m 	  A2/A2	  M2/M2	 0.444726	-1.791444	 -1.87529	  0
 128	   4	   1	   2	  m 	  A2/A2	  M2/M2	 0.444726	-0.323443	 -1.22494	  0
 128	   5	   1	   2	  f 	  A2/A2	  M2/M2	 0.444726	-1.314805	 -0.70313	  0
 129	   1	  -1	  -1	  m 	  A2/A2	  M1/M2	 0.192505	 0.311610	 -0.50685	  0
 129	   2	  -1	  -1	  f 	  A1/A1	  M2/M2	 0.506693	 0.311610	  1.09458	  0
 129	   3	   1	   2	  m 	  A1/A2	  M1/M2	-1.264426	 0.680214	  0.94406	  1
 129	   4	   1	   2	  m 	  A1/A2	  M2/M2	-1.264426	 0.758073	  0.56828	  0
 129	   5	   1	   2	  f 	  A1/A2	  M2/M2	-1.264426	-1.115882	 -1.11727	  0
 130	   1	  -1	  -1	  m 	  A2/A2	  M1/M2	 1.315362	-0.513935	 -0.90778	  0
 130	   2	  -1	  -1	  f 	  A1/A2	  M1/M2	 0.531010	-0.513935	 -0.13859	  0
 130	   3	   1	   2	  m 	  A2/A2	  M2/M2	-0.237722	-1.119814	 -1.11728	  0
 130	   4	   1	   2	  m 	  A2/A2	  M1/M1	-0.237722	 2.556178	 -0.63931	  0
 130	   5	   1	   2	  f 	  A1/A2	  M1/M2	-0.237722	 1.971878	  0.68345	  1
 131	   1	  -1	  -1	  m 	  A1/A2	  M1/M2	 0.280141	-0.515838	 -0.23916	  0
 131	   2	  -1	  -1	  f 	  A1/A2	  M1/M1	 1.875436	-0.515838	  0.11113	  0
 131	   3	   1	   2	  m 	  A2/A2	  M1/M1	-0.666045	-1.289642	 -1.20913	  0
 131	   4	   1	   2	  m 	  A1/A1	  M1/M1	-0.666045	 0.453673	  1.07593	  0
 131	   5	   1	   2	  f 	  A1/A2	  M1/M2	-0.666045	 1.998005	  0.09136	  0
 132	   1	  -1	  -1	  m 	  A1/A2	  M1/M2	-0.066501	 0.242338	  0.80331	  1
 132	   2	  -1	  -1	  f 	  A2/A2	  M2/M2	 1.598788	 0.242338	 -0.81201	  1
 132	   3	   1	   2	  m 	  A2/A2	  M1/M2	-0.085963	-0.660206	 -1.46069	  0
 132	   4	   1	   2	  m 	  A2/A2	  M1/M2	-0.085963	-1.863737	 -1.67363	  0
 132	   5	   1	   2	  f 	  A1/A2	  M1/M2	-0.085963	 0.491806	  0.55783	  0
 133	   1	  -1	  -1	  m 	  A2/A2	  M2/M2	-1.201867	-0.186369	 -1.51466	  0
 133	   2	  -1	  -1	  f 	  A2/A2	  M2/M2	-0.728453	-0.186369	 -1.66087	  0
 133	   3	   1	   2	  m 	  A2/A2	  M2/M2	 0.476269	-0.197771	 -1.52969	  0
 133	   4	   1	   2	  m 	  A2/A2	  M2/M2	 0.476269	 1.365147	  0.03165	  1
 133	   5	   1	   2	  f 	  A2/A2	  M2/M2	 0.476269	 1.473329	 -1.06191	  0
 134	   1	  -1	  -1	  m 	  A2/A2	  M2/M2	-0.223310	-0.506473	 -0.71551	  0
 134	   2	  -1	  -1	  f 	  A2/A2	  M1/M2	 0.053618	-0.506473	 -0.07758	  0
 134	   3	   1	   2	  m 	  A2/A2	  M2/M2	 0.219157	 0.242918	 -0.74546	  0
 134	   4	   1	   2	  m 	  A2/A2	  M1/M2	 0.219157	-0.646382	 -1.69006	  1
 134	   5	   1	   2	  f 	  A2/A2	  M1/M2	 0.219157	-1.379498	 -0.56504	  0
 135	   1	  -1	  -1	  m 	  A2/A2	  M2/M2	-0.159661	 0.057539	 -1.19116	  1
 135	   2	  -1	  -1	  f 	  A2/A2	  M1/M2	-0.018046	 0.057539	 -0.82922	  0
 135	   3	   1	   2	  m 	  A2/A2	  M1/M2	 0.002627	-0.593917	 -1.63419	  0
 135	   4	   1	   2	  m 	  A2/A2	  M2/M2	 0.002627	 0.831745	 -0.98706	  0
 135	   5	   1	   2	  f 	  A2/A2	  M2/M2	 0.002627	-0.055449	 -0.53564	  1
 136	   1	  -1	  -1	  m 	  A2/A2	  M2/M2	-0.836012	 1.629423	 -0.85482	  0
 136	   2	  -1	  -1	  f 	  A2/A2	  M2/M2	-1.156820	 1.629423	 -0.47202	  0
 136	   3	   1	   2	  m 	  A2/A2	  M2/M2	-0.489412	 0.635441	 -1.60876	  0
 136	   4	   1	   2	  m 	  A2/A2	  M2/M2	-0.489412	 2.430931	 -0.76442	  1
 136	   5	   1	   2	  f 	  A2/A2	  M2/M2	-0.489412	 0.472116	 -0.77013	  0
 137	   1	  -1	  -1	  m 	  A2/A2	  M1/M2	 1.777768	-0.059535	 -0.59105	  1
 137	   2	  -1	  -1	  f 	  A1/A2	  M2/M2	-1.005742	-0.059535	 -0.07030	  0
 137	   3	   1	   2	  m 	  A1/A2	  M1/M2	-0.953861	 0.013595	  0.46115	  0
 137	   4	   1	   2	  m 	  A1/A2	  M1/M2	-0.953861	-0.135875	  0.27789	  0
 137	   5	   1	   2	  f 	  A1/A2	  M2/M2	-0.953861	-1.044850	 -0.17817	  0
 138	   1	  -1	  -1	  m 	  A2/A2	  M1/M2	 0.631173	 0.724659	 -0.34702	  1
 138	   2	  -1	  -1	  f 	  A2/A2	  M2/M2	 0.512206	 0.724659	 -0.75402	  0
 138	   3	   1	   2	  m 	  A2/A2	  M2/M2	 0.925021	-0.481648	 -1.26979	  0
 138	   4	   1	   2	  m 	  A2/A2	  M1/M2	 0.925021	-0.640440	 -1.36085	  0
 138	   5	   1	   2	  f 	  A2/A2	  M1/M2	 0.925021	 0.032929	 -0.67170	  0
 139	   1	  -1	  -1	  m 	  A1/A2	  M2/M2	 0.267765	 1.851803	  1.14855	  0
 139	   2	  -1	  -1	  f 	  A2/A2	  M2/M2	-2.254483	 1.851803	 -1.46288	  0
 139	   3	   1	   2	  m 	  A2/A2	  M2/M2	-1.120483	 0.921166	 -1.45395	  0
 139	   4	   1	   2	  m 	  A2/A2	  M2/M2	-1.120483	 0.703656	 -0.81217	  0
 139	   5	   1	   2	  f 	  A2/A2	  M2/M2	-1.120483	 0.194231	 -0.22563	  0
 140	   1	  -1	  -1	  m 	  A2/A2	  M2/M2	 0.225812	 0.414116	 -1.18742	  0
 140	   2	  -1	  -1	  f 	  A2/A2	  M1/M2	 0.277731	 0.414116	 -0.24321	  0
 140	   3	   1	   2	  m 	  A2/A2	  M1/M2	-0.730328	 0.408730	 -0.54649	  0
 140	   4	   1	   2	  m 	  A2/A2	  M2/M2	-0.730328	 1.571890	 -0.49500	  0
 140	   5	   1	   2	  f 	  A2/A2	  M2/M2	-0.730328	-3.001741	 -1.82088	  0
 141	   1	  -1	  -1	  m 	  A2/A2	  M2/M2	 1.020823	 0.367907	 -0.98378	  0
 141	   2	  -1	  -1	  f 	  A1/A2	  M2/M2	-1.593374	 0.367907	  0.11249	  0
 141	   3	   1	   2	  m 	  A1/A2	  M2/M2	 1.067949	 0.027875	 -0.20127	  0
 141	   4	   1	   2	  m 	  A2/A2	  M2/M2	 1.067949	 1.422960	 -0.02937	  1
 141	   5	   1	   2	  f 	  A1/A2	  M2/M2	 1.067949	-0.276742	  0.15665	  0
 142	   1	  -1	  -1	  m 	  A1/A2	  M2/M2	-0.918790	 0.468868	  0.26120	  0
 142	   2	  -1	  -1	  f 	  A1/A2	  M2/M2	 0.014247	 0.468868	  0.96601	  0
 142	   3	   1	   2	  m 	  A1/A1	  M2/M2	 0.410138	 0.956931	  1.63529	  0
 142	   4	   1	   2	  m 	  A1/A2	  M2/M2	 0.410138	-1.954432	 -0.30613	  0
 142	   5	   1	   2	  f 	  A2/A2	  M2/M2	 0.410138	 0.762860	 -1.26294	  0
 143	   1	  -1	  -1	  m 	  A2/A2	  M1/M2	 0.353026	-0.176005	 -0.15466	  0
 143	   2	  -1	  -1	  f 	  A2/A2	  M1/M2	 0.709840	-0.176005	  0.34112	  0
 143	   3	   1	   2	  m 	  A2/A2	  M1/M2	 0.619607	-1.776881	 -1.09930	  0
 143	   4	   1	   2	  m 	  A2/A2	  M2/M2	 0.619607	 0.297537	 -0.61723	  0
 143	   5	   1	   2	  f 	  A2/A2	  M1/M2	 0.619607	 0.789149	  0.72380	  1
 144	   1	  -1	  -1	  m 	  A1/A2	  M2/M2	-1.073482	-1.749836	 -1.69429	  0
 144	   2	  -1	  -1	  f 	  A2/A2	  M2/M2	 0.986823	-1.749836	 -1.22181	  0
 144	   3	   1	   2	  m 	  A2/A2	  M2/M2	 0.488119	-0.388059	 -1.38073	  0
 144	   4	   1	   2	  m 	  A1/A2	  M2/M2	 0.488119	-3.127631	 -1.55731	  0
 144	   5	   1	   2	  f 	  A2/A2	  M2/M2	 0.488119	-1.648871	 -0.95367	  0
 145	   1	  -1	  -1	  m 	  A2/A2	  M2/M2	-1.070868	-0.282821	 -1.08226	  0
 145	   2	  -1	  -1	  f 	  A2/A2	  M2/M2	-0.641151	-0.282821	 -0.41485	  0
 145	   3	   1	   2	  m 	  A2/A2	  M2/M2	-0.835778	 0.046407	 -1.21489	  0
 145	   4	   1	   2	  m 	  A2/A2	  M2/M2	-0.835778	-0.953515	 -1.54871	  0
 145	   5	   1	   2	  f 	  A2/A2	  M2/M2	-0.835778	-1.323022	 -1.16043	  0
 146	   1	  -1	  -1	  m 	  A1/A1	  M1/M2	-0.635585	-1.955323	  0.91431	  0
 146	   2	  -1	  -1	  f 	  A2/A2	  M1/M2	-0.638603	-1.955323	 -2.40346	  0
 146	   3	   1	   2	  m 	  A1/A2	  M2/M2	 2.878946	-1.006701	  0.16683	  0
 146	   4	   1	   2	  m 	  A1/A2	  M1/M2	 2.878946	-0.454974	  1.10904	  1
 146	   5	   1	   2	  f 	  A1/A2	  M1/M1	 2.878946	 0.410339	  0.23800	  0
 147	   1	  -1	  -1	  m 	  A2/A2	  M2/M2	 0.035312	 0.537668	 -1.09023	  0
 147	   2	  -1	  -1	  f 	  A2/A2	  M1/M2	 0.988444	 0.537668	 -0.30692	  0
 147	   3	   1	   2	  m 	  A2/A2	  M1/M2	 1.133376	-0.655602	 -1.02177	  0
 147	   4	   1	   2	  m 	  A2/A2	  M2/M2	 1.133376	 0.189969	 -0.88457	  0
 147	   5	   1	   2	  f 	  A2/A2	  M2/M2	 1.133376	 1.458568	 -1.35940	  0
 148	   1	  -1	  -1	  m 	  A2/A2	  M2/M2	 0.700866	 0.161248	 -0.05028	  0
 148	   2	  -1	  -1	  f 	  A2/A2	  M1/M2	-0.748101	 0.161248	 -1.55518	  0
 148	   3	   1	   2	  m 	  A2/A2	  M1/M2	 0.616901	 0.360964	 -1.17549	  0
 148	   4	   1	   2	  m 	  A2/A2	  M2/M2	 0.616901	 0.581631	 -0.97824	  0
 148	   5	   1	   2	  f 	  A2/A2	  M1/M2	 0.616901	 0.720217	 -0.65402	  0
 149	   1	  -1	  -1	  m 	  A1/A1	  M2/M2	-1.950824	 0.939999	  0.14134	  0
 149	   2	  -1	  -1	  f 	  A1/A2	  M1/M2	 0.286217	 0.939999	  0.42191	  0
 149	   3	   1	   2	  m 	  A1/A2	  M1/M2	-1.602652	 0.764473	 -0.52030	  0
 149	   4	   1	   2	  m 	  A1/A1	  M2/M2	-1.602652	 0.307281	  0.40951	  0
 149	   5	   1	   2	  f 	  A1/A2	  M2/M2	-1.602652	 0.450154	 -0.13712	  0
 150	   1	  -1	  -1	  m 	  A2/A2	  M2/M2	-0.903114	-0.056673	 -1.88955	  0
 150	   2	  -1	  -1	  f 	  A2/A2	  M1/M2	 1.293581	-0.056673	 -0.33713	  0
 150	   3	   1	   2	  m 	  A2/A2	  M1/M2	-0.971837	 0.630205	 -0.61255	  0
 150	   4	   1	   2	  m 	  A2/A2	  M1/M2	-0.971837	 1.017537	 -0.61732	  1
 150	   5	   1	   2	  f 	  A2/A2	  M2/M2	-0.971837	 0.507087	 -0.58234	  0
 151	   1	  -1	  -1	  m 	  A1/A2	  M2/M2	 0.015935	-0.653837	 -0.49704	  0
 151	   2	  -1	  -1	  f 	  A2/A2	  M2/M2	 0.262135	-0.653837	 -0.56220	  0
 151	   3	   1	   2	  m 	  A2/A2	  M2/M2	-1.514121	 1.910407	 -0.75114	  0
 151	   4	   1	   2	  m 	  A1/A2	  M2/M2	-1.514121	 0.132080	 -0.12135	  0
 151	   5	   1	   2	  f 	  A1/A2	  M2/M2	-1.514121	 1.457768	 -0.13876	  0
 152	   1	  -1	  -1	  m 	  A2/A2	  M1/M2	-1.643189	 0.209444	 -1.63430	  0
 152	   2	  -1	  -1	  f 	  A2/A2	  M2/M2	 0.347204	 0.209444	 -1.15149	  0
 152	   3	   1	   2	  m 	  A2/A2	  M2/M2	 0.654100	-0.971444	 -1.56948	  0
 152	   4	   1	   2	  m 	  A2/A2	  M2/M2	 0.654100	-0.827379	 -1.19045	  0
 152	   5	   1	   2	  f 	  A2/A2	  M1/M2	 0.654100	-1.103205	 -1.25065	  0
 153	   1	  -1	  -1	  m 	  A2/A2	  M1/M2	 0.958575	 1.103387	  0.00546	  0
 153	   2	  -1	  -1	  f 	  A2/A2	  M2/M2	-0.872283	 1.103387	 -0.84114	  1
 153	   3	   1	   2	  m 	  A2/A2	  M2/M2	-0.691908	 0.460863	 -0.38037	  0
 153	   4	   1	   2	  m 	  A2/A2	  M2/M2	-0.691908	 0.686608	  0.60050	  0
 153	   5	   1	   2	  f 	  A2/A2	  M1/M2	-0.691908	 0.336130	 -0.71705	  0
 154	   1	  -1	  -1	  m 	  A2/A2	  M2/M2	 0.709724	 0.107874	 -1.08572	  0
 154	   2	  -1	  -1	  f 	  A2/A2	  M1/M2	-0.154842	 0.107874	 -1.16657	  0
 154	   3	   1	   2	  m 	  A2/A2	  M2/M2	 0.495399	 0.555948	 -0.34665	  0
 154	   4	   1	   2	  m 	  A2/A2	  M1/M2	 0.495399	 0.328959	 -1.76260	  0
 154	   5	   1	   2	  f 	  A2/A2	  M1/M2	 0.495399	-0.635323	 -1.12581	  0
 155	   1	  -1	  -1	  m 	  A1/A2	  M1/M2	-0.307031	 0.324666	  0.60023	  0
 155	   2	  -1	  -1	  f 	  A2/A2	  M2/M2	-2.196890	 0.324666	 -1.48708	  0
 155	   3	   1	   2	  m 	  A2/A2	  M2/M2	 0.243836	-0.736430	 -0.40277	  0
 155	   4	   1	   2	  m 	  A2/A2	  M1/M2	 0.243836	 1.764968	 -0.88956	  0
 155	   5	   1	   2	  f 	  A1/A2	  M2/M2	 0.243836	-0.858203	  0.27150	  0
 156	   1	  -1	  -1	  m 	  A2/A2	  M2/M2	 1.108955	 0.428457	 -0.24786	  0
 156	   2	  -1	  -1	  f 	  A2/A2	  M1/M2	-0.812982	 0.428457	 -1.62498	  0
 156	   3	   1	   2	  m 	  A2/A2	  M2/M2	 1.052271	-0.366434	 -0.39501	  0
 156	   4	   1	   2	  m 	  A2/A2	  M2/M2	 1.052271	 0.366680	 -1.16075	  0
 156	   5	   1	   2	  f 	  A2/A2	  M1/M2	 1.052271	 0.862250	 -0.08506	  0
 157	   1	  -1	  -1	  m 	  A1/A2	  M2/M2	-0.229802	 1.415927	  0.78900	  1
 157	   2	  -1	  -1	  f 	  A2/A2	  M1/M2	 1.414153	 1.415927	 -0.71553	  0
 157	   3	   1	   2	  m 	  A1/A2	  M2/M2	-0.659380	 0.236219	 -0.55489	  0
 157	   4	   1	   2	  m 	  A1/A2	  M1/M2	-0.659380	 0.435012	 -1.05099	  0
 157	   5	   1	   2	  f 	  A2/A2	  M1/M2	-0.659380	-0.514554	 -0.43524	  0
 158	   1	  -1	  -1	  m 	  A2/A2	  M2/M2	-0.386689	 0.696242	 -1.32855	  0
 158	   2	  -1	  -1	  f 	  A1/A2	  M2/M2	-0.188913	 0.696242	  0.56355	  0
 158	   3	   1	   2	  m 	  A2/A2	  M2/M2	 0.042489	 0.599180	 -0.26817	  0
 158	   4	   1	   2	  m 	  A2/A2	  M2/M2	 0.042489	-1.345100	 -1.47701	  0
 158	   5	   1	   2	  f 	  A1/A2	  M2/M2	 0.042489	 0.662183	 -0.47430	  0
 159	   1	  -1	  -1	  m 	  A2/A2	  M2/M2	 2.202723	-0.214787	 -0.49916	  0
 159	   2	  -1	  -1	  f 	  A2/A2	  M2/M2	 1.010844	-0.214787	 -0.84302	  0
 159	   3	   1	   2	  m 	  A2/A2	  M2/M2	-2.455814	-0.125953	 -0.56647	  0
 159	   4	   1	   2	  m 	  A2/A2	  M2/M2	-2.455814	-0.355441	 -1.04028	  0
 159	   5	   1	   2	  f 	  A2/A2	  M2/M2	-2.455814	 0.571403	 -2.21408	  0
 160	   1	  -1	  -1	  m 	  A2/A2	  M2/M2	-0.870198	 0.722231	 -1.35367	  0
 160	   2	  -1	  -1	  f 	  A1/A1	  M2/M2	 1.030500	 0.722231	  1.86016	  0
 160	   3	   1	   2	  m 	  A1/A2	  M2/M2	-0.888831	-0.483063	  0.08772	  0
 160	   4	   1	   2	  m 	  A1/A2	  M2/M2	-0.888831	 0.140902	 -0.70139	  0
 160	   5	   1	   2	  f 	  A1/A2	  M2/M2	-0.888831	 0.193473	  0.24756	  0
 161	   1	  -1	  -1	  m 	  A1/A2	  M2/M2	 1.034219	-0.251014	  0.18656	  0
 161	   2	  -1	  -1	  f 	  A1/A2	  M1/M1	-0.375281	-0.251014	  0.17845	  0
 161	   3	   1	   2	  m 	  A2/A2	  M1/M2	-1.116472	 0.131791	 -1.65141	  0
 161	   4	   1	   2	  m 	  A1/A2	  M1/M2	-1.116472	 0.475142	 -0.87875	  0
 161	   5	   1	   2	  f 	  A2/A2	  M1/M2	-1.116472	-0.719713	 -1.10096	  0
 162	   1	  -1	  -1	  m 	  A2/A2	  M1/M2	 1.783518	 2.208155	 -0.52750	  1
 162	   2	  -1	  -1	  f 	  A1/A1	  M2/M2	-0.321944	 2.208155	  1.26136	  1
 162	   3	   1	   2	  m 	  A1/A2	  M1/M2	-1.357836	 0.485619	 -0.49919	  0
 162	   4	   1	   2	  m 	  A1/A2	  M1/M2	-1.357836	 1.137593	 -0.47428	  0
 162	   5	   1	   2	  f 	  A1/A2	  M1/M2	-1.357836	-0.913692	 -1.01152	  0
 163	   1	  -1	  -1	  m 	  A1/A2	  M2/M2	 0.030867	-0.677913	  0.84598	  0
 163	   2	  -1	  -1	  f 	  A1/A2	  M1/M2	-1.714542	-0.677913	 -0.34250	  0
 163	   3	   1	   2	  m 	  A2/A2	  M1/M2	 0.468397	 0.353111	 -1.56151	  1
 163	   4	   1	   2	  m 	  A1/A2	  M1/M2	 0.468397	 0.387027	  0.31563	  0
 163	   5	   1	   2	  f 	  A2/A2	  M2/M2	 0.468397	-0.563602	 -0.18958	  0
 164	   1	  -1	  -1	  m 	  A2/A2	  M2/M2	 1.672023	 0.717198	  0.38821	  0
 164	   2	  -1	  -1	  f 	  A1/A2	  M2/M2	-0.883022	 0.717198	 -0.03411	  0
 164	   3	   1	   2	  m 	  A1/A2	  M2/M2	 0.128034	-1.629059	 -0.10445	  0
 164	   4	   1	   2	  m 	  A2/A2	  M2/M2	 0.128034	-1.029275	 -1.15622	  0
 164	   5	   1	   2	  f 	  A1/A2	  M2/M2	 0.128034	-1.264853	 -1.07336	  0
 165	   1	  -1	  -1	  m 	  A2/A2	  M1/M2	-0.582552	 0.590264	 -1.35811	  0
 165	   2	  -1	  -1	  f 	  A2/A2	  M2/M2	-0.785037	 0.590264	 -1.53431	  0
 165	   3	   1	   2	  m 	  A2/A2	  M1/M2	 0.239921	 0.557207	  0.46580	  0
 165	   4	   1	   2	  m 	  A2/A2	  M1/M2	 0.239921	-0.687443	 -1.39088	  0
 165	   5	   1	   2	  f 	  A2/A2	  M1/M2	 0.239921	-1.596700	 -1.74001	  0
 166	   1	  -1	  -1	  m 	  A1/A2	  M2/M2	 0.025569	-1.340099	 -0.62096	  0
 166	   2	  -1	  -1	  f 	  A1/A2	  M1/M2	 1.344534	-1.340099	 -1.10497	  0
 166	   3	   1	   2	  m 	  A1/A2	  M1/M2	 2.182416	 1.670703	  0.67385	  1
 166	   4	   1	   2	  m 	  A2/A2	  M1/M2	 2.182416	-0.804545	 -0.55797	  0
 166	   5	   1	   2	  f 	  A1/A1	  M2/M2	 2.182416	-0.344440	  1.94083	  1
 167	   1	  -1	  -1	  m 	  A2/A2	  M1/M2	 0.320898	-1.149372	 -0.56907	  0
 167	   2	  -1	  -1	  f 	  A1/A2	  M1/M1	 1.005889	-1.149372	 -0.24212	  0
 167	   3	   1	   2	  m 	  A2/A2	  M1/M1	-1.404546	-0.795607	 -1.66556	  0
 167	   4	   1	   2	  m 	  A1/A2	  M1/M2	-1.404546	-1.226834	 -0.16821	  0
 167	   5	   1	   2	  f 	  A1/A2	  M1/M1	-1.404546	-0.143344	 -0.71374	  0
 168	   1	  -1	  -1	  m 	  A2/A2	  M2/M2	 1.521910	 1.425455	 -0.10684	  1
 168	   2	  -1	  -1	  f 	  A1/A2	  M2/M2	-1.097146	 1.425455	 -0.29190	  0
 168	   3	   1	   2	  m 	  A2/A2	  M2/M2	 0.634301	 0.484108	 -0.48091	  0
 168	   4	   1	   2	  m 	  A1/A2	  M2/M2	 0.634301	-0.043600	  0.35361	  0
 168	   5	   1	   2	  f 	  A1/A2	  M2/M2	 0.634301	-0.403319	  0.88862	  0
 169	   1	  -1	  -1	  m 	  A2/A2	  M2/M2	-0.313571	 0.180666	 -0.77166	  0
 169	   2	  -1	  -1	  f 	  A2/A2	  M2/M2	 1.738307	 0.180666	 -0.49733	  0
 169	   3	   1	   2	  m 	  A2/A2	  M2/M2	 0.787383	 1.914543	 -0.53595	  0
 169	   4	   1	   2	  m 	  A2/A2	  M2/M2	 0.787383	 2.468277	 -0.08467	  0
 169	   5	   1	   2	  f 	  A2/A2	  M2/M2	 0.787383	 1.643317	 -0.21835	  0
 170	   1	  -1	  -1	  m 	  A1/A2	  M2/M2	 0.138742	-0.093499	 -0.27551	  0
 170	   2	  -1	  -1	  f 	  A2/A2	  M1/M2	 1.106701	-0.093499	 -0.57533	  0
 170	   3	   1	   2	  m 	  A1/A2	  M2/M2	-1.208683	-0.046444	 -0.30098	  0
 170	   4	   1	   2	  m 	  A2/A2	  M1/M2	-1.208683	-0.286914	 -0.80321	  0
 170	   5	   1	   2	  f 	  A1/A2	  M2/M2	-1.208683	 2.226760	 -0.32337	  1
 171	   1	  -1	  -1	  m 	  A2/A2	  M2/M2	-0.066377	 0.189120	 -1.09838	  0
 171	   2	  -1	  -1	  f 	  A2/A2	  M2/M2	 0.519054	 0.189120	 -0.74308	  0
 171	   3	   1	   2	  m 	  A2/A2	  M2/M2	-1.521787	 0.214020	 -2.18008	  0
 171	   4	   1	   2	  m 	  A2/A2	  M2/M2	-1.521787	 0.615314	 -0.13260	  0
 171	   5	   1	   2	  f 	  A2/A2	  M2/M2	-1.521787	 0.853280	 -0.17963	  0
 172	   1	  -1	  -1	  m 	  A2/A2	  M2/M2	 0.030102	-0.416107	 -1.03354	  0
 172	   2	  -1	  -1	  f 	  A2/A2	  M2/M2	-0.154870	-0.416107	 -0.92235	  0
 172	   3	   1	   2	  m 	  A2/A2	  M2/M2	-0.426823	-0.076396	 -0.93276	  0
 172	   4	   1	   2	  m 	  A2/A2	  M2/M2	-0.426823	 1.260036	 -0.90061	  0
 172	   5	   1	   2	  f 	  A2/A2	  M2/M2	-0.426823	-0.164051	 -0.61137	  0
 173	   1	  -1	  -1	  m 	  A2/A2	  M2/M2	-0.952941	 0.252248	 -0.54445	  0
 173	   2	  -1	  -1	  f 	  A2/A2	  M1/M1	 0.323149	 0.252248	 -1.66003	  0
 173	   3	   1	   2	  m 	  A2/A2	  M1/M2	 1.998166	 0.272164	  0.16782	  0
 173	   4	   1	   2	  m 	  A2/A2	  M1/M2	 1.998166	 2.340094	 -0.20541	  1
 173	   5	   1	   2	  f 	  A2/A2	  M1/M2	 1.998166	 1.814423	  0.56767	  1
 174	   1	  -1	  -1	  m 	  A2/A2	  M2/M2	 1.328724	-0.538978	  0.19982	  1
 174	   2	  -1	  -1	  f 	  A1/A2	  M1/M2	 1.659516	-0.538978	 -0.02371	  1
 174	   3	   1	   2	  m 	  A1/A2	  M2/M2	-2.045806	-0.442363	 -1.57017	  0
 174	   4	   1	   2	  m 	  A2/A2	  M2/M2	-2.045806	 0.550294	 -2.10219	  0
 174	   5	   1	   2	  f 	  A2/A2	  M2/M2	-2.045806	 0.423964	 -1.47503	  0
 175	   1	  -1	  -1	  m 	  A2/A2	  M2/M2	-1.347510	 0.053703	 -1.14984	  0
 175	   2	  -1	  -1	  f 	  A2/A2	  M1/M2	-0.851380	 0.053703	 -0.77712	  0
 175	   3	   1	   2	  m 	  A2/A2	  M1/M2	 1.040739	 0.987888	  0.80185	  0
 175	   4	   1	   2	  m 	  A2/A2	  M2/M2	 1.040739	 0.770032	 -1.44454	  0
 175	   5	   1	   2	  f 	  A2/A2	  M2/M2	 1.040739	-0.198453	 -0.45766	  0
 176	   1	  -1	  -1	  m 	  A2/A2	  M2/M2	 1.078694	-0.289236	 -0.66074	  0
 176	   2	  -1	  -1	  f 	  A1/A2	  M1/M2	-0.636749	-0.289236	  0.15923	  0
 176	   3	   1	   2	  m 	  A1/A2	  M2/M2	-1.439125	-0.045555	 -0.80928	  0
 176	   4	   1	   2	  m 	  A2/A2	  M1/M2	-1.439125	-1.067144	 -1.84751	  0
 176	   5	   1	   2	  f 	  A1/A2	  M1/M2	-1.439125	 0.073769	 -0.85729	  0
 177	   1	  -1	  -1	  m 	  A2/A2	  M2/M2	 0.467659	 0.040089	 -0.88428	  0
 177	   2	  -1	  -1	  f 	  A2/A2	  M2/M2	-0.716797	 0.040089	 -0.52816	  0
 177	   3	   1	   2	  m 	  A2/A2	  M2/M2	-0.781498	 0.826731	  0.33189	  1
 177	   4	   1	   2	  m 	  A2/A2	  M2/M2	-0.781498	 1.224203	 -0.85819	  0
 177	   5	   1	   2	  f 	  A2/A2	  M2/M2	-0.781498	 1.527769	 -0.62945	  0
 178	   1	  -1	  -1	  m 	  A2/A2	  M2/M2	-0.900712	 1.269882	 -0.87752	  0
 178	   2	  -1	  -1	  f 	  A2/A2	  M1/M2	 0.486762	 1.269882	 -0.84754	  1
 178	   3	   1	   2	  m 	  A2/A2	  M2/M2	-1.434749	-1.358573	 -1.52184	  0
 178	   4	   1	   2	  m 	  A2/A2	  M1/M2	-1.434749	 1.295428	 -1.03382	  0
 178	   5	   1	   2	  f 	  A2/A2	  M2/M2	-1.434749	-0.365873	 -1.27369	  0
 179	   1	  -1	  -1	  m 	  A2/A2	  M1/M1	 0.964345	 0.685794	 -0.56309	  0
 179	   2	  -1	  -1	  f 	  A2/A2	  M2/M2	-0.973907	 0.685794	 -0.21167	  0
 179	   3	   1	   2	  m 	  A2/A2	  M1/M2	 0.973673	 1.187854	 -1.58370	  0
 179	   4	   1	   2	  m 	  A2/A2	  M1/M2	 0.973673	 2.792821	  0.46674	  1
 179	   5	   1	   2	  f 	  A2/A2	  M1/M2	 0.973673	 2.362258	 -0.77482	  0
 180	   1	  -1	  -1	  m 	  A2/A2	  M2/M2	-1.230315	-0.769247	 -2.15902	  0
 180	   2	  -1	  -1	  f 	  A2/A2	  M2/M2	 0.845096	-0.769247	 -0.56562	  0
 180	   3	   1	   2	  m 	  A2/A2	  M2/M2	 1.569287	-0.699253	 -1.15808	  0
 180	   4	   1	   2	  m 	  A2/A2	  M2/M2	 1.569287	-0.710392	 -0.35299	  0
 180	   5	   1	   2	  f 	  A2/A2	  M2/M2	 1.569287	-0.029349	 -0.59282	  0
 181	   1	  -1	  -1	  m 	  A2/A2	  M2/M2	-0.660977	-1.129688	 -1.51619	  0
 181	   2	  -1	  -1	  f 	  A2/A2	  M1/M2	 1.157577	-1.129688	 -1.83944	  0
 181	   3	   1	   2	  m 	  A2/A2	  M2/M2	 1.163628	-0.483904	 -1.04393	  0
 181	   4	   1	   2	  m 	  A2/A2	  M2/M2	 1.163628	-0.238074	 -1.27224	  0
 181	   5	   1	   2	  f 	  A2/A2	  M1/M2	 1.163628	-0.747887	 -1.57695	  0
 182	   1	  -1	  -1	  m 	  A2/A2	  M2/M2	 0.237794	 0.182784	 -0.39372	  0
 182	   2	  -1	  -1	  f 	  A1/A2	  M2/M2	-0.992996	 0.182784	  0.20812	  0
 182	   3	   1	   2	  m 	  A1/A2	  M2/M2	 0.237007	 0.048741	  0.68550	  0
 182	   4	   1	   2	  m 	  A2/A2	  M2/M2	 0.237007	 0.140052	 -0.43350	  0
 182	   5	   1	   2	  f 	  A2/A2	  M2/M2	 0.237007	-0.406522	 -1.24233	  0
 183	   1	  -1	  -1	  m 	  A2/A2	  M1/M2	 1.398621	-0.074695	 -0.35945	  1
 183	   2	  -1	  -1	  f 	  A1/A2	  M2/M2	-0.104853	-0.074695	 -0.25986	  0
 183	   3	   1	   2	  m 	  A1/A2	  M1/M2	 0.291541	-0.141742	  0.11053	  0
 183	   4	   1	   2	  m 	  A1/A2	  M2/M2	 0.291541	-0.720575	 -0.29496	  0
 183	   5	   1	   2	  f 	  A1/A2	  M1/M2	 0.291541	-0.558271	 -0.17883	  0
 184	   1	  -1	  -1	  m 	  A2/A2	  M1/M2	 0.984643	 0.007767	 -0.74604	  0
 184	   2	  -1	  -1	  f 	  A1/A2	  M2/M2	-0.014302	 0.007767	  0.05832	  0
 184	   3	   1	   2	  m 	  A1/A2	  M2/M2	-1.003854	 0.754061	  0.27556	  0
 184	   4	   1	   2	  m 	  A2/A2	  M2/M2	-1.003854	 0.644202	 -0.86276	  0
 184	   5	   1	   2	  f 	  A1/A2	  M2/M2	-1.003854	 1.644062	  0.09851	  0
 185	   1	  -1	  -1	  m 	  A2/A2	  M2/M2	-0.073925	-0.440690	 -0.85070	  0
 185	   2	  -1	  -1	  f 	  A2/A2	  M2/M2	-0.033166	-0.440690	 -0.75401	  0
 185	   3	   1	   2	  m 	  A2/A2	  M2/M2	 0.330815	 1.266724	 -0.79953	  0
 185	   4	   1	   2	  m 	  A2/A2	  M2/M2	 0.330815	-1.163694	 -1.07193	  0
 185	   5	   1	   2	  f 	  A2/A2	  M2/M2	 0.330815	 0.101684	  0.11675	  0
 186	   1	  -1	  -1	  m 	  A2/A2	  M1/M2	-1.091849	-0.035016	 -1.66019	  0
 186	   2	  -1	  -1	  f 	  A2/A2	  M2/M2	 0.037080	-0.035016	 -1.10725	  0
 186	   3	   1	   2	  m 	  A2/A2	  M2/M2	 0.290097	-0.475865	 -1.40383	  0
 186	   4	   1	   2	  m 	  A2/A2	  M2/M2	 0.290097	-1.595502	 -1.31946	  0
 186	   5	   1	   2	  f 	  A2/A2	  M2/M2	 0.290097	 0.155184	 -1.82529	  0
 187	   1	  -1	  -1	  m 	  A1/A2	  M2/M2	 0.502298	 0.873733	  0.27662	  0
 187	   2	  -1	  -1	  f 	  A1/A1	  M2/M2	-0.694872	 0.873733	  1.34055	  0
 187	   3	   1	   2	  m 	  A1/A2	  M2/M2	 0.495064	 0.586368	  0.74361	  0
 187	   4	   1	   2	  m 	  A1/A1	  M2/M2	 0.495064	-0.442099	  0.59643	  0
 187	   5	   1	   2	  f 	  A1/A1	  M2/M2	 0.495064	-0.539642	  1.13257	  0
 188	   1	  -1	  -1	  m 	  A2/A2	  M2/M2	 1.335129	-0.012538	  0.37022	  0
 188	   2	  -1	  -1	  f 	  A2/A2	  M2/M2	 1.288828	-0.012538	 -0.15229	  0
 188	   3	   1	   2	  m 	  A2/A2	  M2/M2	 0.438130	-0.168916	 -1.00916	  0
 188	   4	   1	   2	  m 	  A2/A2	  M2/M2	 0.438130	-2.037653	 -1.72955	  0
 188	   5	   1	   2	  f 	  A2/A2	  M2/M2	 0.438130	 1.546104	 -1.22513	  0
 189	   1	  -1	  -1	  m 	  A2/A2	  M2/M2	 0.925817	 0.000682	 -0.53895	  0
 189	   2	  -1	  -1	  f 	  A2/A2	  M1/M2	-0.316208	 0.000682	 -0.65150	  0
 189	   3	   1	   2	  m 	  A2/A2	  M1/M2	-0.336205	-0.320906	 -0.54918	  0
 189	   4	   1	   2	  m 	  A2/A2	  M1/M2	-0.336205	-0.886369	 -0.11198	  0
 189	   5	   1	   2	  f 	  A2/A2	  M2/M2	-0.336205	-0.653614	 -0.54863	  0
 190	   1	  -1	  -1	  m 	  A2/A2	  M1/M2	 1.384250	 0.483304	  0.75249	  0
 190	   2	  -1	  -1	  f 	  A2/A2	  M1/M2	-1.374226	 0.483304	 -0.59368	  0
 190	   3	   1	   2	  m 	  A2/A2	  M1/M2	 0.516192	 0.122990	 -0.11731	  0
 190	   4	   1	   2	  m 	  A2/A2	  M1/M1	 0.516192	-2.574280	 -1.63043	  0
 190	   5	   1	   2	  f 	  A2/A2	  M1/M2	 0.516192	-0.119678	  0.66989	  1
 191	   1	  -1	  -1	  m 	  A1/A2	  M2/M2	 0.213469	-0.457591	 -0.54257	  0
 191	   2	  -1	  -1	  f 	  A2/A2	  M1/M2	-0.263314	-0.457591	 -1.38024	  0
 191	   3	   1	   2	  m 	  A1/A2	  M2/M2	 0.148634	-0.076705	 -0.00100	  0
 191	   4	   1	   2	  m 	  A1/A2	  M2/M2	 0.148634	 0.512119	  0.38036	  0
 191	   5	   1	   2	  f 	  A2/A2	  M1/M2	 0.148634	-0.757901	 -0.97607	  0
 192	   1	  -1	  -1	  m 	  A2/A2	  M2/M2	 0.977306	-2.818520	 -1.54192	  0
 192	   2	  -1	  -1	  f 	  A1/A2	  M1/M2	-0.649586	-2.818520	 -0.06253	  0
 192	   3	   1	   2	  m 	  A1/A2	  M2/M2	-0.185853	 1.345137	  0.17513	  0
 192	   4	   1	   2	  m 	  A2/A2	  M2/M2	-0.185853	-1.093443	 -1.70516	  0
 192	   5	   1	   2	  f 	  A2/A2	  M2/M2	-0.185853	 0.614737	 -1.92775	  0
 193	   1	  -1	  -1	  m 	  A2/A2	  M2/M2	 0.582307	 1.312336	  0.92699	  0
 193	   2	  -1	  -1	  f 	  A2/A2	  M2/M2	 0.073076	 1.312336	 -1.14555	  0
 193	   3	   1	   2	  m 	  A2/A2	  M2/M2	 0.095828	-0.105022	 -0.90918	  0
 193	   4	   1	   2	  m 	  A2/A2	  M2/M2	 0.095828	 0.403083	 -0.06320	  0
 193	   5	   1	   2	  f 	  A2/A2	  M2/M2	 0.095828	-1.786040	 -1.82971	  0
 194	   1	  -1	  -1	  m 	  A2/A2	  M2/M2	-1.316033	-0.965946	 -1.64590	  0
 194	   2	  -1	  -1	  f 	  A1/A2	  M1/M2	-1.657578	-0.965946	 -1.11735	  0
 194	   3	   1	   2	  m 	  A2/A2	  M1/M2	-0.834177	-1.372231	 -1.72983	  0
 194	   4	   1	   2	  m 	  A1/A2	  M2/M2	-0.834177	 1.673224	 -1.71345	  0
 194	   5	   1	   2	  f 	  A1/A2	  M1/M2	-0.834177	-0.334937	  0.72272	  0
 195	   1	  -1	  -1	  m 	  A2/A2	  M2/M2	-0.160767	-1.101964	 -0.96475	  0
 195	   2	  -1	  -1	  f 	  A2/A2	  M2/M2	-1.642790	-1.101964	 -1.40379	  0
 195	   3	   1	   2	  m 	  A2/A2	  M2/M2	 0.202126	 0.041931	 -0.99138	  0
 195	   4	   1	   2	  m 	  A2/A2	  M2/M2	 0.202126	 0.789901	 -1.07958	  0
 195	   5	   1	   2	  f 	  A2/A2	  M2/M2	 0.202126	-1.325487	 -1.24973	  0
 196	   1	  -1	  -1	  m 	  A2/A2	  M2/M2	-1.187303	 0.698671	 -1.41137	  0
 196	   2	  -1	  -1	  f 	  A1/A2	  M1/M2	 0.654667	 0.698671	  0.71307	  0
 196	   3	   1	   2	  m 	  A2/A2	  M1/M2	-1.476047	-0.492655	 -0.66380	  0
 196	   4	   1	   2	  m 	  A1/A2	  M2/M2	-1.476047	 1.905979	 -0.03411	  0
 196	   5	   1	   2	  f 	  A1/A2	  M1/M2	-1.476047	-0.322242	 -0.37671	  0
 197	   1	  -1	  -1	  m 	  A2/A2	  M1/M1	 0.303346	 0.292730	 -1.83977	  0
 197	   2	  -1	  -1	  f 	  A2/A2	  M1/M2	-2.363554	 0.292730	 -1.24810	  0
 197	   3	   1	   2	  m 	  A2/A2	  M1/M1	 0.279544	-0.418576	 -0.25315	  0
 197	   4	   1	   2	  m 	  A2/A2	  M1/M1	 0.279544	 0.982030	 -1.52061	  0
 197	   5	   1	   2	  f 	  A2/A2	  M1/M2	 0.279544	 0.071070	 -0.53179	  0
 198	   1	  -1	  -1	  m 	  A2/A2	  M1/M2	-0.829271	 0.503924	 -1.02030	  0
 198	   2	  -1	  -1	  f 	  A2/A2	  M2/M2	 0.196242	 0.503924	 -0.80627	  0
 198	   3	   1	   2	  m 	  A2/A2	  M1/M2	 0.006579	 0.345718	  0.41320	  0
 198	   4	   1	   2	  m 	  A2/A2	  M2/M2	 0.006579	-0.823611	 -0.12966	  0
 198	   5	   1	   2	  f 	  A2/A2	  M1/M2	 0.006579	-0.796606	 -1.68053	  1
 199	   1	  -1	  -1	  m 	  A2/A2	  M2/M2	 0.823095	 1.295366	 -0.07122	  0
 199	   2	  -1	  -1	  f 	  A2/A2	  M1/M2	-1.267377	 1.295366	 -0.73619	  0
 199	   3	   1	   2	  m 	  A2/A2	  M2/M2	-0.476727	 0.327857	  0.01897	  1
 199	   4	   1	   2	  m 	  A2/A2	  M1/M2	-0.476727	 0.650807	 -0.40530	  0
 199	   5	   1	   2	  f 	  A2/A2	  M1/M2	-0.476727	 0.442601	 -0.53170	  1
 200	   1	  -1	  -1	  m 	  A2/A2	  M1/M2	-0.369670	 0.633416	 -1.75163	  0
 200	   2	  -1	  -1	  f 	  A2/A2	  M2/M2	-1.526094	 0.633416	 -0.79329	  0
 200	   3	   1	   2	  m 	  A2/A2	  M2/M2	-0.604692	 0.213618	 -1.30262	  0
 200	   4	   1	   2	  m 	  A2/A2	  M2/M2	-0.604692	 0.085043	 -1.77867	  0
 200	   5	   1	   2	  f 	  A2/A2	  M1/M2	-0.604692	-1.086252	 -1.16380	  0
