 PID	  ID	 DAD	 MOM	SEX	 LOC_01	 LOC_02	   ENV_01	   ENV_02	     PHEN	AFF
   1	   1	  -1	  -1	  m 	  A2/A2	  M2/M2	-0.550886	 0.554537	 -1.43293	  0
   1	   2	  -1	  -1	  f 	  A2/A2	  M2/M2	-0.550886	 0.769619	 -0.27505	  0
   1	   3	   1	   2	  m 	  A2/A2	  M2/M2	-0.731737	-0.621407	 -1.12280	  0
   1	   4	   1	   2	  m 	  A2/A2	  M2/M2	 0.456869	-0.621407	  0.54477	  0
   1	   5	   1	   2	  f 	  A2/A2	  M2/M2	 0.573548	-0.621407	 -0.39730	  0
   1	   6	  -1	  -1	  f 	  A2/A2	  M2/M2	 0.456869	 1.114501	  1.56159	  0
   1	   7	   4	   6	  m 	  A2/A2	  M2/M2	 0.351645	 0.223001	  0.56575	  1
   1	   8	   4	   6	  f 	  A2/A2	  M2/M2	-0.340159	 0.223001	 -0.33489	  0
   2	   1	  -1	  -1	  m 	  A2/A2	  M2/M2	 0.983165	-2.402698	 -1.06914	  0
   2	   2	  -1	  -1	  f 	  A1/A2	  M2/M2	 0.983165	-0.775130	 -0.47850	  0
   2	   3	   1	   2	  m 	  A1/A2	  M2/M2	-0.463087	 0.575715	 -0.52154	  0
   2	   4	   1	   2	  m 	  A1/A2	  M2/M2	 1.629706	 0.575715	  0.22358	  1
   2	   5	   1	   2	  f 	  A1/A2	  M2/M2	 0.855495	 0.575715	  0.63496	  1
   2	   6	  -1	  -1	  f 	  A2/A2	  M1/M2	 1.629706	 0.696153	  1.16787	  1
   2	   7	   4	   6	  m 	  A2/A2	  M2/M2	 1.218007	 1.912495	  0.28790	  0
   2	   8	   4	   6	  f 	  A2/A2	  M2/M2	-0.853009	 1.912495	 -0.27767	  1
   3	   1	  -1	  -1	  m 	  A2/A2	  M2/M2	 0.744314	-0.029404	  0.54738	  0
   3	   2	  -1	  -1	  f 	  A2/A2	  M2/M2	 0.744314	-0.698321	 -0.01394	  0
   3	   3	   1	   2	  m 	  A2/A2	  M2/M2	 0.591822	 0.182827	 -0.37937	  0
   3	   4	   1	   2	  m 	  A2/A2	  M2/M2	-0.311154	 0.182827	  0.22356	  0
   3	   5	   1	   2	  f 	  A2/A2	  M2/M2	-0.177257	 0.182827	 -0.21020	  0
   3	   6	  -1	  -1	  f 	  A2/A2	  M2/M2	-0.311154	 0.180861	  0.03716	  0
   3	   7	   4	   6	  m 	  A2/A2	  M2/M2	 0.358190	-2.065456	 -0.08524	  0
   3	   8	   4	   6	  f 	  A2/A2	  M2/M2	 2.127015	-2.065456	 -0.78595	  1
   4	   1	  -1	  -1	  m 	  A2/A2	  M2/M2	 3.298751	-1.148439	  0.09580	  0
   4	   2	  -1	  -1	  f 	  A2/A2	  M2/M2	 3.298751	 0.241048	  0.29326	  0
   4	   3	   1	   2	  m 	  A2/A2	  M2/M2	 1.009896	-1.014164	  0.28388	  0
   4	   4	   1	   2	  m 	  A2/A2	  M2/M2	 1.605660	-1.014164	 -0.23734	  0
   4	   5	   1	   2	  f 	  A2/A2	  M2/M2	-0.368496	-1.014164	 -0.75278	  0
   4	   6	  -1	  -1	  f 	  A2/A2	  M2/M2	 1.605660	 0.084095	  1.42250	  0
   4	   7	   4	   6	  m 	  A2/A2	  M2/M2	 1.553275	-0.232702	  0.92147	  1
   4	   8	   4	   6	  f 	  A2/A2	  M2/M2	-0.095441	-0.232702	 -0.12709	  0
   5	   1	  -1	  -1	  m 	  A2/A2	  M1/M2	 1.475914	 0.346101	 -1.02417	  0
   5	   2	  -1	  -1	  f 	  A2/A2	  M2/M2	 1.475914	 1.874439	 -0.09839	  0
   5	   3	   1	   2	  m 	  A2/A2	  M2/M2	 1.020835	-0.565133	  0.10443	  0
   5	   4	   1	   2	  m 	  A2/A2	  M1/M2	-2.065355	-0.565133	 -0.48910	  0
   5	   5	   1	   2	  f 	  A2/A2	  M1/M2	 0.402174	-0.565133	 -0.47519	  0
   5	   6	  -1	  -1	  f 	  A2/A2	  M2/M2	-2.065355	-1.952755	 -0.18999	  0
   5	   7	   4	   6	  m 	  A2/A2	  M1/M2	-1.172645	-0.586615	 -0.68851	  0
   5	   8	   4	   6	  f 	  A2/A2	  M2/M2	 0.451390	-0.586615	 -0.41108	  0
   6	   1	  -1	  -1	  m 	  A2/A2	  M1/M2	 0.086932	 1.429556	  1.84322	  1
   6	   2	  -1	  -1	  f 	  A2/A2	  M1/M2	 0.086932	 0.038707	 -0.13515	  0
   6	   3	   1	   2	  m 	  A2/A2	  M1/M1	 0.376744	 0.495737	  0.65620	  1
   6	   4	   1	   2	  m 	  A2/A2	  M1/M2	 0.801304	 0.495737	  0.74332	  0
   6	   5	   1	   2	  f 	  A2/A2	  M2/M2	 0.506826	 0.495737	  1.14869	  1
   6	   6	  -1	  -1	  f 	  A1/A2	  M2/M2	 0.801304	-1.505916	 -0.72620	  0
   6	   7	   4	   6	  m 	  A2/A2	  M1/M2	-1.602140	 1.274843	 -0.76579	  0
   6	   8	   4	   6	  f 	  A1/A2	  M2/M2	 0.423840	 1.274843	  0.68559	  0
   7	   1	  -1	  -1	  m 	  A2/A2	  M2/M2	 0.403081	 1.464852	  0.46268	  0
   7	   2	  -1	  -1	  f 	  A2/A2	  M2/M2	 0.403081	-1.228257	 -0.79270	  1
   7	   3	   1	   2	  m 	  A2/A2	  M2/M2	-0.025975	 0.911460	  0.39453	  0
   7	   4	   1	   2	  m 	  A2/A2	  M2/M2	-0.099644	 0.911460	  0.41772	  0
   7	   5	   1	   2	  f 	  A2/A2	  M2/M2	 1.092276	 0.911460	  0.16655	  0
   7	   6	  -1	  -1	  f 	  A1/A2	  M1/M2	-0.099644	-1.376990	 -0.37416	  0
   7	   7	   4	   6	  m 	  A2/A2	  M2/M2	 0.354631	 0.330404	  0.21310	  0
   7	   8	   4	   6	  f 	  A2/A2	  M1/M2	-1.567011	 0.330404	 -0.10400	  0
   8	   1	  -1	  -1	  m 	  A2/A2	  M2/M2	 0.565061	-0.110638	  0.04845	  0
   8	   2	  -1	  -1	  f 	  A1/A2	  M1/M2	 0.565061	 0.872068	  0.50771	  0
   8	   3	   1	   2	  m 	  A2/A2	  M1/M2	-0.238365	 0.205064	 -0.43721	  0
   8	   4	   1	   2	  m 	  A2/A2	  M2/M2	-0.845500	 0.205064	 -0.25619	  0
   8	   5	   1	   2	  f 	  A1/A2	  M1/M2	-1.445046	 0.205064	 -0.19969	  0
   8	   6	  -1	  -1	  f 	  A2/A2	  M2/M2	-0.845500	 0.063590	  0.40494	  0
   8	   7	   4	   6	  m 	  A2/A2	  M2/M2	 1.143864	-0.040321	  0.06491	  0
   8	   8	   4	   6	  f 	  A2/A2	  M2/M2	 0.247139	-0.040321	  0.53246	  0
   9	   1	  -1	  -1	  m 	  A2/A2	  M2/M2	-0.217402	 0.062581	 -0.57641	  0
   9	   2	  -1	  -1	  f 	  A1/A2	  M1/M1	-0.217402	 0.523947	  0.30302	  0
   9	   3	   1	   2	  m 	  A2/A2	  M1/M2	-0.333068	 0.738928	  0.02099	  0
   9	   4	   1	   2	  m 	  A2/A2	  M1/M2	 0.415946	 0.738928	  0.74776	  1
   9	   5	   1	   2	  f 	  A1/A2	  M1/M2	 0.485634	 0.738928	  0.64852	  1
   9	   6	  -1	  -1	  f 	  A2/A2	  M1/M2	 0.415946	 0.227472	 -1.09927	  0
   9	   7	   4	   6	  m 	  A2/A2	  M1/M2	 1.892797	-0.534847	  0.44652	  0
   9	   8	   4	   6	  f 	  A2/A2	  M1/M1	-0.358222	-0.534847	 -0.15696	  0
  10	   1	  -1	  -1	  m 	  A2/A2	  M2/M2	-0.418232	-0.155020	  0.68251	  0
  10	   2	  -1	  -1	  f 	  A1/A1	  M2/M2	-0.418232	-0.488826	 -1.18653	  0
  10	   3	   1	   2	  m 	  A1/A2	  M2/M2	-1.070781	 1.186050	  0.48772	  0
  10	   4	   1	   2	  m 	  A1/A2	  M2/M2	 0.664453	 1.186050	  0.53464	  1
  10	   5	   1	   2	  f 	  A1/A2	  M2/M2	 0.318632	 1.186050	  0.92098	  1
  10	   6	  -1	  -1	  f 	  A1/A1	  M1/M2	 0.664453	-0.396956	  0.64799	  0
  10	   7	   4	   6	  m 	  A1/A2	  M1/M2	-1.017294	-0.918847	 -0.76859	  0
  10	   8	   4	   6	  f 	  A1/A1	  M1/M2	-0.851794	-0.918847	 -0.15597	  0
  11	   1	  -1	  -1	  m 	  A1/A2	  M2/M2	 0.679702	-0.912486	  0.21849	  0
  11	   2	  -1	  -1	  f 	  A1/A2	  M1/M2	 0.679702	 1.194458	  1.11630	  1
  11	   3	   1	   2	  m 	  A1/A1	  M1/M2	 1.227244	-0.226155	  0.60555	  0
  11	   4	   1	   2	  m 	  A1/A2	  M1/M2	 0.601927	-0.226155	 -0.29963	  1
  11	   5	   1	   2	  f 	  A1/A2	  M1/M2	-1.731307	-0.226155	 -0.83686	  0
  11	   6	  -1	  -1	  f 	  A2/A2	  M2/M2	 0.601927	 0.540345	 -0.11670	  0
  11	   7	   4	   6	  m 	  A1/A2	  M2/M2	-1.378398	-1.154069	 -0.03638	  0
  11	   8	   4	   6	  f 	  A1/A2	  M1/M2	 0.253615	-1.154069	  0.02626	  0
  12	   1	  -1	  -1	  m 	  A2/A2	  M1/M1	 1.763192	 2.978496	  0.89407	  1
  12	   2	  -1	  -1	  f 	  A1/A1	  M2/M2	 1.763192	-0.886811	  1.02077	  1
  12	   3	   1	   2	  m 	  A1/A2	  M1/M2	-1.596838	-1.328843	 -0.85635	  0
  12	   4	   1	   2	  m 	  A1/A2	  M1/M2	-1.469883	-1.328843	 -0.85902	  0
  12	   5	   1	   2	  f 	  A1/A2	  M1/M2	-0.961321	-1.328843	 -0.77936	  0
  12	   6	  -1	  -1	  f 	  A2/A2	  M2/M2	-1.469883	-0.002955	  0.47372	  0
  12	   7	   4	   6	  m 	  A2/A2	  M1/M2	 1.121413	 1.365816	  0.07017	  0
  12	   8	   4	   6	  f 	  A2/A2	  M2/M2	 0.111131	 1.365816	 -0.60444	  1
  13	   1	  -1	  -1	  m 	  A1/A2	  M1/M2	 0.658664	-1.668932	 -0.47222	  0
  13	   2	  -1	  -1	  f 	  A1/A2	  M2/M2	 0.658664	 0.986650	 -0.32009	  0
  13	   3	   1	   2	  m 	  A1/A2	  M1/M2	 0.328658	-1.530500	 -0.02281	  0
  13	   4	   1	   2	  m 	  A1/A2	  M1/M2	-0.823492	-1.530500	 -1.38523	  0
  13	   5	   1	   2	  f 	  A1/A1	  M1/M2	-0.195298	-1.530500	 -0.58130	  0
  13	   6	  -1	  -1	  f 	  A2/A2	  M2/M2	-0.823492	-0.516846	 -1.26278	  0
  13	   7	   4	   6	  m 	  A2/A2	  M2/M2	 0.464909	 0.751479	  0.87096	  0
  13	   8	   4	   6	  f 	  A1/A2	  M1/M2	-1.572626	 0.751479	  0.26399	  0
  14	   1	  -1	  -1	  m 	  A1/A1	  M2/M2	 0.377192	-0.140531	  0.48126	  0
  14	   2	  -1	  -1	  f 	  A2/A2	  M2/M2	 0.377192	-0.095745	  0.03504	  0
  14	   3	   1	   2	  m 	  A1/A2	  M2/M2	-1.636455	-0.872192	  0.03787	  0
  14	   4	   1	   2	  m 	  A1/A2	  M2/M2	-1.762388	-0.872192	 -0.67080	  0
  14	   5	   1	   2	  f 	  A1/A2	  M2/M2	 0.045215	-0.872192	 -0.64510	  0
  14	   6	  -1	  -1	  f 	  A1/A2	  M2/M2	-1.762388	-0.057070	  0.13732	  0
  14	   7	   4	   6	  m 	  A1/A2	  M2/M2	 0.636125	-1.168031	  0.04883	  1
  14	   8	   4	   6	  f 	  A1/A2	  M2/M2	 0.645503	-1.168031	 -0.33106	  0
  15	   1	  -1	  -1	  m 	  A1/A2	  M1/M2	 0.669731	 0.701765	  1.42319	  1
  15	   2	  -1	  -1	  f 	  A1/A2	  M2/M2	 0.669731	 1.283611	  1.50594	  0
  15	   3	   1	   2	  m 	  A1/A2	  M2/M2	 0.114447	 1.558079	  1.04660	  1
  15	   4	   1	   2	  m 	  A2/A2	  M2/M2	 1.042810	 1.558079	  1.66368	  1
  15	   5	   1	   2	  f 	  A1/A1	  M2/M2	 0.707377	 1.558079	  1.60462	  1
  15	   6	  -1	  -1	  f 	  A2/A2	  M1/M2	 1.042810	 0.083909	  0.29955	  0
  15	   7	   4	   6	  m 	  A2/A2	  M1/M2	-0.240492	-0.013971	  0.35193	  0
  15	   8	   4	   6	  f 	  A2/A2	  M1/M2	 0.124674	-0.013971	 -0.23504	  0
  16	   1	  -1	  -1	  m 	  A1/A2	  M2/M2	-0.150581	-0.678052	 -0.21947	  0
  16	   2	  -1	  -1	  f 	  A1/A2	  M1/M2	-0.150581	-0.693668	  0.94557	  1
  16	   3	   1	   2	  m 	  A1/A1	  M2/M2	 1.208158	 0.132771	  0.87915	  0
  16	   4	   1	   2	  m 	  A1/A2	  M2/M2	-1.454494	 0.132771	  0.91307	  0
  16	   5	   1	   2	  f 	  A1/A1	  M2/M2	 0.919868	 0.132771	  0.93281	  0
  16	   6	  -1	  -1	  f 	  A2/A2	  M2/M2	-1.454494	 2.187330	  0.54614	  0
  16	   7	   4	   6	  m 	  A2/A2	  M2/M2	-1.132374	 0.247138	  0.01407	  0
  16	   8	   4	   6	  f 	  A2/A2	  M2/M2	-1.218334	 0.247138	 -0.57736	  0
  17	   1	  -1	  -1	  m 	  A2/A2	  M2/M2	 0.243163	 1.533117	  0.61522	  0
  17	   2	  -1	  -1	  f 	  A1/A2	  M2/M2	 0.243163	 1.019924	  0.42673	  0
  17	   3	   1	   2	  m 	  A1/A2	  M2/M2	-1.806885	 1.136935	 -1.23134	  0
  17	   4	   1	   2	  m 	  A1/A2	  M2/M2	-0.071837	 1.136935	 -1.03525	  0
  17	   5	   1	   2	  f 	  A2/A2	  M2/M2	-0.374531	 1.136935	  0.81867	  0
  17	   6	  -1	  -1	  f 	  A1/A2	  M1/M2	-0.071837	-0.675845	  1.06079	  0
  17	   7	   4	   6	  m 	  A1/A2	  M2/M2	 0.641961	-1.691432	 -0.35228	  0
  17	   8	   4	   6	  f 	  A1/A1	  M1/M2	-0.955073	-1.691432	 -0.32890	  0
  18	   1	  -1	  -1	  m 	  A1/A2	  M1/M1	 0.935744	-0.017388	  0.96323	  1
  18	   2	  -1	  -1	  f 	  A1/A2	  M1/M2	 0.935744	 0.430948	 -0.13064	  0
  18	   3	   1	   2	  m 	  A1/A1	  M1/M1	 1.016045	 0.198720	  0.06946	  1
  18	   4	   1	   2	  m 	  A1/A2	  M1/M2	 0.272655	 0.198720	  0.65596	  0
  18	   5	   1	   2	  f 	  A1/A2	  M1/M2	-0.026588	 0.198720	  0.66459	  0
  18	   6	  -1	  -1	  f 	  A1/A2	  M1/M2	 0.272655	 0.267223	 -0.02099	  0
  18	   7	   4	   6	  m 	  A1/A2	  M1/M1	-2.095360	-0.182683	 -0.41091	  0
  18	   8	   4	   6	  f 	  A1/A2	  M1/M2	-0.054707	-0.182683	  0.43688	  0
  19	   1	  -1	  -1	  m 	  A1/A2	  M2/M2	 2.206490	 0.565060	  0.35927	  0
  19	   2	  -1	  -1	  f 	  A1/A2	  M2/M2	 2.206490	 0.520722	  0.40249	  0
  19	   3	   1	   2	  m 	  A1/A1	  M2/M2	-1.641302	 0.656668	  0.18163	  0
  19	   4	   1	   2	  m 	  A1/A2	  M2/M2	-0.237284	 0.656668	 -0.48125	  0
  19	   5	   1	   2	  f 	  A1/A2	  M2/M2	 0.800935	 0.656668	  0.14178	  1
  19	   6	  -1	  -1	  f 	  A2/A2	  M2/M2	-0.237284	-1.075801	 -0.42589	  0
  19	   7	   4	   6	  m 	  A2/A2	  M2/M2	 0.296953	-0.034463	  0.27141	  0
  19	   8	   4	   6	  f 	  A2/A2	  M2/M2	 1.270127	-0.034463	  0.43187	  0
  20	   1	  -1	  -1	  m 	  A1/A2	  M2/M2	-0.035661	 0.963891	  0.38811	  0
  20	   2	  -1	  -1	  f 	  A2/A2	  M1/M2	-0.035661	 0.041759	  0.51775	  1
  20	   3	   1	   2	  m 	  A1/A2	  M1/M2	-0.833311	-0.413758	  0.76004	  0
  20	   4	   1	   2	  m 	  A1/A2	  M1/M2	-0.179905	-0.413758	  1.26011	  0
  20	   5	   1	   2	  f 	  A1/A2	  M1/M2	-0.386214	-0.413758	 -0.51182	  0
  20	   6	  -1	  -1	  f 	  A1/A2	  M2/M2	-0.179905	 0.466417	  0.51872	  0
  20	   7	   4	   6	  m 	  A2/A2	  M1/M2	 1.775777	 0.862307	  1.52439	  1
  20	   8	   4	   6	  f 	  A1/A2	  M1/M2	-1.679447	 0.862307	 -0.51234	  0
  21	   1	  -1	  -1	  m 	  A2/A2	  M2/M2	 0.710996	 1.133410	  0.04737	  0
  21	   2	  -1	  -1	  f 	  A2/A2	  M2/M2	 0.710996	 0.218318	 -0.23298	  0
  21	   3	   1	   2	  m 	  A2/A2	  M2/M2	-0.029372	 0.668411	 -0.24616	  0
  21	   4	   1	   2	  m 	  A2/A2	  M2/M2	-0.725794	 0.668411	  0.34062	  0
  21	   5	   1	   2	  f 	  A2/A2	  M2/M2	-0.490634	 0.668411	  0.17335	  0
  21	   6	  -1	  -1	  f 	  A2/A2	  M2/M2	-0.725794	 0.788313	 -0.93925	  0
  21	   7	   4	   6	  m 	  A2/A2	  M2/M2	-0.627006	 0.101348	 -0.28073	  0
  21	   8	   4	   6	  f 	  A2/A2	  M2/M2	 0.809958	 0.101348	 -0.68647	  0
  22	   1	  -1	  -1	  m 	  A2/A2	  M2/M2	 1.053983	-1.692765	 -0.23538	  0
  22	   2	  -1	  -1	  f 	  A1/A2	  M1/M2	 1.053983	 0.118585	  0.81102	  1
  22	   3	   1	   2	  m 	  A2/A2	  M2/M2	-1.073592	-0.643468	 -0.09810	  0
  22	   4	   1	   2	  m 	  A2/A2	  M2/M2	-1.824413	-0.643468	 -0.51580	  0
  22	   5	   1	   2	  f 	  A2/A2	  M1/M2	-0.647205	-0.643468	 -0.52804	  0
  22	   6	  -1	  -1	  f 	  A2/A2	  M1/M2	-1.824413	-0.615758	 -1.05210	  0
  22	   7	   4	   6	  m 	  A2/A2	  M1/M2	 0.033804	 1.435440	  0.49560	  0
  22	   8	   4	   6	  f 	  A2/A2	  M2/M2	 0.528998	 1.435440	 -0.40031	  0
  23	   1	  -1	  -1	  m 	  A1/A2	  M2/M2	-0.894326	-1.152645	 -0.92294	  0
  23	   2	  -1	  -1	  f 	  A2/A2	  M2/M2	-0.894326	 0.544653	  0.73388	  0
  23	   3	   1	   2	  m 	  A2/A2	  M2/M2	-0.120725	-1.244120	 -0.58272	  0
  23	   4	   1	   2	  m 	  A2/A2	  M2/M2	 0.970558	-1.244120	 -0.09665	  0
  23	   5	   1	   2	  f 	  A1/A2	  M2/M2	-0.684809	-1.244120	 -0.63531	  0
  23	   6	  -1	  -1	  f 	  A2/A2	  M2/M2	 0.970558	 0.601659	  0.55024	  1
  23	   7	   4	   6	  m 	  A2/A2	  M2/M2	 0.457238	 0.510085	  0.65415	  1
  23	   8	   4	   6	  f 	  A2/A2	  M2/M2	 0.035549	 0.510085	  0.26922	  1
  24	   1	  -1	  -1	  m 	  A2/A2	  M2/M2	 0.878389	-0.067638	  0.72357	  0
  24	   2	  -1	  -1	  f 	  A2/A2	  M2/M2	 0.878389	-0.752580	 -0.31743	  0
  24	   3	   1	   2	  m 	  A2/A2	  M2/M2	 0.410256	-0.852171	 -0.73371	  0
  24	   4	   1	   2	  m 	  A2/A2	  M2/M2	-1.297170	-0.852171	 -0.20892	  0
  24	   5	   1	   2	  f 	  A2/A2	  M2/M2	 0.004208	-0.852171	 -0.59753	  0
  24	   6	  -1	  -1	  f 	  A1/A2	  M1/M2	-1.297170	 1.546437	  1.00597	  0
  24	   7	   4	   6	  m 	  A1/A2	  M2/M2	 1.128620	 0.418974	  1.28800	  1
  24	   8	   4	   6	  f 	  A1/A2	  M2/M2	 0.913813	 0.418974	 -0.23339	  0
  25	   1	  -1	  -1	  m 	  A2/A2	  M1/M2	 0.978441	 0.396410	  1.27812	  0
  25	   2	  -1	  -1	  f 	  A2/A2	  M2/M2	 0.978441	 0.264874	  1.41851	  0
  25	   3	   1	   2	  m 	  A2/A2	  M1/M2	 0.012183	-0.449853	 -0.09835	  0
  25	   4	   1	   2	  m 	  A2/A2	  M2/M2	-0.035641	-0.449853	 -0.11000	  0
  25	   5	   1	   2	  f 	  A2/A2	  M2/M2	 0.581490	-0.449853	 -0.46626	  0
  25	   6	  -1	  -1	  f 	  A2/A2	  M2/M2	-0.035641	-0.636314	  0.56802	  0
  25	   7	   4	   6	  m 	  A2/A2	  M2/M2	 0.908626	-0.294661	  0.42788	  0
  25	   8	   4	   6	  f 	  A2/A2	  M2/M2	-0.808314	-0.294661	 -0.71471	  0
  26	   1	  -1	  -1	  m 	  A1/A2	  M2/M2	 0.321503	-1.467215	  0.57704	  0
  26	   2	  -1	  -1	  f 	  A2/A2	  M1/M2	 0.321503	-0.678557	  0.57213	  0
  26	   3	   1	   2	  m 	  A2/A2	  M1/M2	-1.235094	-0.720873	  0.09226	  0
  26	   4	   1	   2	  m 	  A2/A2	  M2/M2	 1.184562	-0.720873	 -0.50956	  0
  26	   5	   1	   2	  f 	  A1/A2	  M1/M2	 2.266397	-0.720873	  1.46079	  1
  26	   6	  -1	  -1	  f 	  A1/A2	  M2/M2	 1.184562	-0.076494	  0.90476	  0
  26	   7	   4	   6	  m 	  A2/A2	  M2/M2	 0.725353	 0.090497	  0.68180	  1
  26	   8	   4	   6	  f 	  A2/A2	  M2/M2	-1.043360	 0.090497	 -0.74688	  1
  27	   1	  -1	  -1	  m 	  A2/A2	  M1/M2	-1.375026	-0.298240	 -0.52641	  0
  27	   2	  -1	  -1	  f 	  A1/A2	  M2/M2	-1.375026	 0.245820	  0.39933	  0
  27	   3	   1	   2	  m 	  A2/A2	  M1/M2	 1.861213	-0.604262	 -0.00336	  1
  27	   4	   1	   2	  m 	  A2/A2	  M1/M2	-0.693002	-0.604262	 -0.13376	  0
  27	   5	   1	   2	  f 	  A1/A2	  M2/M2	 0.083268	-0.604262	  0.44836	  0
  27	   6	  -1	  -1	  f 	  A2/A2	  M1/M1	-0.693002	-1.433517	 -0.58392	  0
  27	   7	   4	   6	  m 	  A2/A2	  M1/M1	 0.267290	-0.152591	 -0.68659	  0
  27	   8	   4	   6	  f 	  A2/A2	  M1/M1	 0.346481	-0.152591	  0.90781	  0
  28	   1	  -1	  -1	  m 	  A2/A2	  M2/M2	-0.627979	 0.403715	 -0.07519	  0
  28	   2	  -1	  -1	  f 	  A2/A2	  M2/M2	-0.627979	-0.018096	 -0.21058	  0
  28	   3	   1	   2	  m 	  A2/A2	  M2/M2	-0.812078	-1.153934	 -0.42009	  0
  28	   4	   1	   2	  m 	  A2/A2	  M2/M2	-1.279467	-1.153934	  0.00187	  0
  28	   5	   1	   2	  f 	  A2/A2	  M2/M2	 0.288570	-1.153934	 -0.11508	  0
  28	   6	  -1	  -1	  f 	  A1/A2	  M2/M2	-1.279467	-1.072298	 -0.67269	  0
  28	   7	   4	   6	  m 	  A1/A2	  M2/M2	 2.050530	 0.516045	 -0.01569	  0
  28	   8	   4	   6	  f 	  A2/A2	  M2/M2	 0.972239	 0.516045	  0.07858	  0
  29	   1	  -1	  -1	  m 	  A2/A2	  M2/M2	 1.272259	-0.715543	 -0.00750	  0
  29	   2	  -1	  -1	  f 	  A2/A2	  M1/M2	 1.272259	-0.021960	  0.91111	  0
  29	   3	   1	   2	  m 	  A2/A2	  M2/M2	-0.628199	-1.472468	 -0.18788	  0
  29	   4	   1	   2	  m 	  A2/A2	  M2/M2	 0.017721	-1.472468	  0.29987	  0
  29	   5	   1	   2	  f 	  A2/A2	  M1/M2	-1.717724	-1.472468	 -0.07257	  0
  29	   6	  -1	  -1	  f 	  A1/A2	  M2/M2	 0.017721	-0.527452	  0.22238	  0
  29	   7	   4	   6	  m 	  A2/A2	  M2/M2	 1.412749	 1.045550	  0.46553	  1
  29	   8	   4	   6	  f 	  A1/A2	  M2/M2	-1.539118	 1.045550	 -0.45601	  0
  30	   1	  -1	  -1	  m 	  A2/A2	  M1/M2	-0.321005	 0.185461	  0.11745	  0
  30	   2	  -1	  -1	  f 	  A1/A2	  M2/M2	-0.321005	-1.755649	 -0.07063	  0
  30	   3	   1	   2	  m 	  A2/A2	  M1/M2	 0.189207	-0.160864	 -1.08372	  0
  30	   4	   1	   2	  m 	  A1/A2	  M2/M2	 1.237185	-0.160864	  0.07899	  0
  30	   5	   1	   2	  f 	  A2/A2	  M2/M2	 0.633818	-0.160864	 -0.43750	  0
  30	   6	  -1	  -1	  f 	  A1/A2	  M1/M1	 1.237185	-0.182347	 -0.79077	  0
  30	   7	   4	   6	  m 	  A1/A2	  M1/M2	 2.026049	-0.608878	 -0.45543	  0
  30	   8	   4	   6	  f 	  A1/A2	  M1/M2	-0.501408	-0.608878	 -1.37451	  0
  31	   1	  -1	  -1	  m 	  A2/A2	  M2/M2	-0.170861	 0.397184	 -0.09481	  0
  31	   2	  -1	  -1	  f 	  A2/A2	  M1/M2	-0.170861	 1.011463	  0.25562	  0
  31	   3	   1	   2	  m 	  A2/A2	  M1/M2	-1.171049	-0.155241	  0.21375	  0
  31	   4	   1	   2	  m 	  A2/A2	  M2/M2	 0.188561	-0.155241	  0.63938	  0
  31	   5	   1	   2	  f 	  A2/A2	  M2/M2	 0.010264	-0.155241	 -0.66914	  0
  31	   6	  -1	  -1	  f 	  A2/A2	  M2/M2	 0.188561	-0.427741	 -0.47931	  0
  31	   7	   4	   6	  m 	  A2/A2	  M2/M2	-2.174882	-1.428508	 -1.48443	  0
  31	   8	   4	   6	  f 	  A2/A2	  M2/M2	-0.233478	-1.428508	  0.33015	  0
  32	   1	  -1	  -1	  m 	  A1/A2	  M2/M2	 0.340973	 1.750532	 -0.43824	  0
  32	   2	  -1	  -1	  f 	  A2/A2	  M1/M2	 0.340973	 0.632549	  0.49381	  0
  32	   3	   1	   2	  m 	  A1/A2	  M1/M2	 0.521882	-1.227795	 -0.15716	  0
  32	   4	   1	   2	  m 	  A2/A2	  M1/M2	 0.397082	-1.227795	 -0.33347	  0
  32	   5	   1	   2	  f 	  A2/A2	  M1/M2	 0.897242	-1.227795	 -0.97245	  0
  32	   6	  -1	  -1	  f 	  A2/A2	  M1/M2	 0.397082	-0.119207	  0.61298	  0
  32	   7	   4	   6	  m 	  A2/A2	  M1/M2	 0.251420	 0.142399	  0.32147	  0
  32	   8	   4	   6	  f 	  A2/A2	  M2/M2	-0.326544	 0.142399	  0.62913	  0
  33	   1	  -1	  -1	  m 	  A2/A2	  M2/M2	 0.023528	-0.144757	 -0.70597	  0
  33	   2	  -1	  -1	  f 	  A1/A2	  M1/M2	 0.023528	-0.752040	  0.64728	  0
  33	   3	   1	   2	  m 	  A2/A2	  M2/M2	-1.141815	 1.589926	  0.55767	  0
  33	   4	   1	   2	  m 	  A1/A2	  M1/M2	 0.390866	 1.589926	  0.74855	  0
  33	   5	   1	   2	  f 	  A1/A2	  M1/M2	 0.444933	 1.589926	  1.14883	  0
  33	   6	  -1	  -1	  f 	  A2/A2	  M2/M2	 0.390866	 1.635862	  1.34632	  1
  33	   7	   4	   6	  m 	  A1/A2	  M1/M2	 0.036911	-1.796894	  0.43568	  0
  33	   8	   4	   6	  f 	  A2/A2	  M2/M2	 0.798165	-1.796894	 -0.58169	  0
  34	   1	  -1	  -1	  m 	  A2/A2	  M2/M2	-0.347934	-0.847307	 -0.58817	  0
  34	   2	  -1	  -1	  f 	  A1/A2	  M2/M2	-0.347934	-0.762163	 -1.11760	  0
  34	   3	   1	   2	  m 	  A1/A2	  M2/M2	 1.085166	-0.967967	 -0.92382	  0
  34	   4	   1	   2	  m 	  A2/A2	  M2/M2	 0.665730	-0.967967	 -1.41416	  0
  34	   5	   1	   2	  f 	  A1/A2	  M2/M2	 0.108406	-0.967967	 -0.38113	  0
  34	   6	  -1	  -1	  f 	  A1/A2	  M2/M2	 0.665730	 0.655004	  0.61130	  0
  34	   7	   4	   6	  m 	  A2/A2	  M2/M2	-1.940997	-0.798590	 -0.70932	  0
  34	   8	   4	   6	  f 	  A2/A2	  M2/M2	 0.422597	-0.798590	 -0.01297	  0
  35	   1	  -1	  -1	  m 	  A1/A2	  M2/M2	-1.759592	 0.341634	 -0.66999	  0
  35	   2	  -1	  -1	  f 	  A2/A2	  M2/M2	-1.759592	-1.217040	 -2.05317	  0
  35	   3	   1	   2	  m 	  A1/A2	  M2/M2	-3.770460	 0.617443	 -1.58612	  0
  35	   4	   1	   2	  m 	  A1/A2	  M2/M2	-0.976933	 0.617443	  0.99303	  0
  35	   5	   1	   2	  f 	  A2/A2	  M2/M2	 0.296548	 0.617443	 -0.28785	  1
  35	   6	  -1	  -1	  f 	  A1/A2	  M2/M2	-0.976933	 0.366089	 -0.52737	  1
  35	   7	   4	   6	  m 	  A1/A2	  M2/M2	-1.858363	-2.269712	 -1.68242	  0
  35	   8	   4	   6	  f 	  A1/A2	  M2/M2	-1.598919	-2.269712	 -0.38851	  0
  36	   1	  -1	  -1	  m 	  A1/A1	  M1/M2	-1.299004	-0.957036	 -0.84599	  0
  36	   2	  -1	  -1	  f 	  A2/A2	  M2/M2	-1.299004	 0.965987	 -0.33411	  0
  36	   3	   1	   2	  m 	  A1/A2	  M2/M2	-1.559683	 0.576689	 -1.17874	  0
  36	   4	   1	   2	  m 	  A1/A2	  M2/M2	 0.109618	 0.576689	  0.71842	  1
  36	   5	   1	   2	  f 	  A1/A2	  M1/M2	 0.595380	 0.576689	  0.81996	  0
  36	   6	  -1	  -1	  f 	  A2/A2	  M2/M2	 0.109618	 0.529771	  0.57504	  0
  36	   7	   4	   6	  m 	  A1/A2	  M2/M2	-0.128029	 0.903579	  0.65325	  0
  36	   8	   4	   6	  f 	  A1/A2	  M2/M2	-0.280563	 0.903579	  0.12868	  0
  37	   1	  -1	  -1	  m 	  A2/A2	  M1/M1	-1.272272	-0.593596	 -0.67317	  0
  37	   2	  -1	  -1	  f 	  A2/A2	  M1/M1	-1.272272	 1.606341	 -0.21826	  0
  37	   3	   1	   2	  m 	  A2/A2	  M1/M1	 0.127599	 0.209134	  0.24313	  0
  37	   4	   1	   2	  m 	  A2/A2	  M1/M1	 1.851685	 0.209134	 -0.64545	  0
  37	   5	   1	   2	  f 	  A2/A2	  M1/M1	 0.348071	 0.209134	 -0.03902	  0
  37	   6	  -1	  -1	  f 	  A2/A2	  M1/M2	 1.851685	 0.650776	  1.71327	  0
  37	   7	   4	   6	  m 	  A2/A2	  M1/M2	 0.137662	 1.343874	  0.23402	  0
  37	   8	   4	   6	  f 	  A2/A2	  M1/M2	 0.258568	 1.343874	  0.41402	  1
  38	   1	  -1	  -1	  m 	  A2/A2	  M2/M2	-0.679908	 1.056155	  0.02006	  0
  38	   2	  -1	  -1	  f 	  A1/A2	  M1/M1	-0.679908	 0.398862	  0.46037	  0
  38	   3	   1	   2	  m 	  A1/A2	  M1/M2	 0.500951	 0.302011	  0.05316	  0
  38	   4	   1	   2	  m 	  A2/A2	  M1/M2	-2.018805	 0.302011	 -0.14339	  0
  38	   5	   1	   2	  f 	  A2/A2	  M1/M2	 0.019180	 0.302011	  0.31709	  0
  38	   6	  -1	  -1	  f 	  A2/A2	  M1/M2	-2.018805	-1.067155	 -0.41813	  0
  38	   7	   4	   6	  m 	  A2/A2	  M1/M2	 0.271846	 0.010891	 -0.91340	  0
  38	   8	   4	   6	  f 	  A2/A2	  M1/M1	-0.078040	 0.010891	  0.72808	  1
  39	   1	  -1	  -1	  m 	  A1/A2	  M2/M2	-0.067832	 0.422737	 -0.94247	  0
  39	   2	  -1	  -1	  f 	  A2/A2	  M2/M2	-0.067832	 0.636826	  0.03724	  0
  39	   3	   1	   2	  m 	  A2/A2	  M2/M2	 1.022228	-0.628517	 -0.08463	  0
  39	   4	   1	   2	  m 	  A1/A2	  M2/M2	-1.754997	-0.628517	 -0.31796	  0
  39	   5	   1	   2	  f 	  A1/A2	  M2/M2	-0.358818	-0.628517	 -0.23322	  0
  39	   6	  -1	  -1	  f 	  A1/A2	  M2/M2	-1.754997	 0.748343	 -0.80034	  0
  39	   7	   4	   6	  m 	  A2/A2	  M2/M2	-0.417328	 0.455337	  0.62703	  1
  39	   8	   4	   6	  f 	  A1/A2	  M2/M2	-1.044028	 0.455337	 -0.19253	  0
  40	   1	  -1	  -1	  m 	  A1/A2	  M2/M2	 0.144319	-0.669611	 -0.13042	  0
  40	   2	  -1	  -1	  f 	  A2/A2	  M2/M2	 0.144319	 0.167293	 -1.14975	  0
  40	   3	   1	   2	  m 	  A2/A2	  M2/M2	 1.240478	-0.089929	  1.05217	  0
  40	   4	   1	   2	  m 	  A2/A2	  M2/M2	-0.911883	-0.089929	  0.05532	  0
  40	   5	   1	   2	  f 	  A2/A2	  M2/M2	-0.990140	-0.089929	 -0.89657	  0
  40	   6	  -1	  -1	  f 	  A2/A2	  M2/M2	-0.911883	 1.039759	  0.25449	  1
  40	   7	   4	   6	  m 	  A2/A2	  M2/M2	 0.378636	-0.687443	 -0.31556	  0
  40	   8	   4	   6	  f 	  A2/A2	  M2/M2	-0.437574	-0.687443	 -0.67658	  0
  41	   1	  -1	  -1	  m 	  A1/A2	  M1/M2	 0.838641	 0.661471	 -0.57988	  0
  41	   2	  -1	  -1	  f 	  A2/A2	  M1/M1	 0.838641	-0.118272	  1.33988	  0
  41	   3	   1	   2	  m 	  A1/A2	  M1/M1	-0.702617	-0.323538	 -0.36946	  0
  41	   4	   1	   2	  m 	  A1/A2	  M1/M2	 0.314095	-0.323538	 -0.67615	  0
  41	   5	   1	   2	  f 	  A1/A2	  M1/M1	 0.288697	-0.323538	 -0.91932	  0
  41	   6	  -1	  -1	  f 	  A1/A2	  M1/M2	 0.314095	 0.120094	 -0.08516	  0
  41	   7	   4	   6	  m 	  A1/A2	  M1/M2	-0.207427	-0.362897	 -1.04691	  0
  41	   8	   4	   6	  f 	  A2/A2	  M1/M1	-1.922212	-0.362897	 -0.73679	  0
  42	   1	  -1	  -1	  m 	  A2/A2	  M1/M2	-0.753336	 2.357149	  0.29485	  0
  42	   2	  -1	  -1	  f 	  A1/A1	  M1/M2	-0.753336	 0.133470	 -0.66328	  0
  42	   3	   1	   2	  m 	  A1/A2	  M1/M2	-1.051566	 0.015706	  0.59284	  0
  42	   4	   1	   2	  m 	  A1/A2	  M1/M2	-0.173493	 0.015706	  0.14602	  0
  42	   5	   1	   2	  f 	  A1/A2	  M2/M2	 0.340944	 0.015706	  0.46345	  0
  42	   6	  -1	  -1	  f 	  A2/A2	  M2/M2	-0.173493	 1.063422	  0.37486	  1
  42	   7	   4	   6	  m 	  A2/A2	  M2/M2	-0.666564	 0.298807	  0.12453	  0
  42	   8	   4	   6	  f 	  A2/A2	  M1/M2	 0.405805	 0.298807	  0.03925	  0
  43	   1	  -1	  -1	  m 	  A2/A2	  M2/M2	 0.868639	-0.436593	  0.84886	  0
  43	   2	  -1	  -1	  f 	  A2/A2	  M2/M2	 0.868639	 0.595855	 -0.22879	  0
  43	   3	   1	   2	  m 	  A2/A2	  M2/M2	-0.697116	-0.467193	 -1.41601	  0
  43	   4	   1	   2	  m 	  A2/A2	  M2/M2	 0.367983	-0.467193	 -0.68645	  0
  43	   5	   1	   2	  f 	  A2/A2	  M2/M2	-0.814298	-0.467193	 -0.61269	  0
  43	   6	  -1	  -1	  f 	  A1/A2	  M1/M2	 0.367983	-0.759194	 -0.05102	  0
  43	   7	   4	   6	  m 	  A2/A2	  M2/M2	 1.039547	-0.583771	  0.26123	  0
  43	   8	   4	   6	  f 	  A1/A2	  M2/M2	 0.230831	-0.583771	 -0.42885	  0
  44	   1	  -1	  -1	  m 	  A1/A2	  M2/M2	 1.518507	 1.894545	  0.33310	  0
  44	   2	  -1	  -1	  f 	  A2/A2	  M2/M2	 1.518507	 0.258018	 -0.07718	  0
  44	   3	   1	   2	  m 	  A2/A2	  M2/M2	 0.446855	 0.529934	  0.39597	  0
  44	   4	   1	   2	  m 	  A2/A2	  M2/M2	 2.408771	 0.529934	  1.20502	  0
  44	   5	   1	   2	  f 	  A1/A2	  M2/M2	-0.239472	 0.529934	  1.34461	  0
  44	   6	  -1	  -1	  f 	  A1/A2	  M1/M2	 2.408771	-0.440039	  0.40203	  0
  44	   7	   4	   6	  m 	  A1/A2	  M2/M2	-0.032443	-1.613754	  0.57703	  0
  44	   8	   4	   6	  f 	  A2/A2	  M2/M2	 0.870173	-1.613754	 -0.50196	  0
  45	   1	  -1	  -1	  m 	  A2/A2	  M1/M2	 0.133422	 2.771905	  0.10926	  0
  45	   2	  -1	  -1	  f 	  A1/A2	  M2/M2	 0.133422	-0.812715	  1.63674	  0
  45	   3	   1	   2	  m 	  A1/A2	  M1/M2	 0.683594	 0.713145	  0.58278	  1
  45	   4	   1	   2	  m 	  A2/A2	  M2/M2	-0.025359	 0.713145	 -0.24618	  0
  45	   5	   1	   2	  f 	  A2/A2	  M1/M2	 0.831427	 0.713145	  1.38084	  0
  45	   6	  -1	  -1	  f 	  A1/A2	  M2/M2	-0.025359	-0.883104	  0.41957	  0
  45	   7	   4	   6	  m 	  A1/A2	  M2/M2	 0.873094	-1.488831	 -0.17214	  0
  45	   8	   4	   6	  f 	  A1/A2	  M2/M2	-1.344799	-1.488831	 -1.81351	  0
  46	   1	  -1	  -1	  m 	  A2/A2	  M2/M2	 1.607153	 0.241112	 -0.11072	  0
  46	   2	  -1	  -1	  f 	  A1/A2	  M1/M2	 1.607153	-0.599589	  0.11256	  0
  46	   3	   1	   2	  m 	  A2/A2	  M2/M2	-0.719983	 0.194396	 -0.91693	  0
  46	   4	   1	   2	  m 	  A1/A2	  M1/M2	-0.589718	 0.194396	 -0.30937	  0
  46	   5	   1	   2	  f 	  A1/A2	  M2/M2	-0.579285	 0.194396	  1.15206	  0
  46	   6	  -1	  -1	  f 	  A2/A2	  M2/M2	-0.589718	-0.341410	 -0.65769	  0
  46	   7	   4	   6	  m 	  A1/A2	  M1/M2	 1.009757	 0.134784	  0.95279	  0
  46	   8	   4	   6	  f 	  A1/A2	  M1/M2	-0.037786	 0.134784	  0.61381	  0
  47	   1	  -1	  -1	  m 	  A2/A2	  M1/M2	-1.291479	-0.684526	 -0.65057	  0
  47	   2	  -1	  -1	  f 	  A1/A2	  M1/M2	-1.291479	 1.765234	 -0.44490	  0
  47	   3	   1	   2	  m 	  A2/A2	  M1/M2	-0.395483	 0.592509	 -0.02736	  0
  47	   4	   1	   2	  m 	  A1/A2	  M1/M1	-0.283504	 0.592509	  0.40381	  0
  47	   5	   1	   2	  f 	  A1/A2	  M2/M2	 0.517507	 0.592509	 -0.16733	  1
  47	   6	  -1	  -1	  f 	  A2/A2	  M2/M2	-0.283504	-0.133400	  0.13989	  0
  47	   7	   4	   6	  m 	  A2/A2	  M1/M2	-0.108216	-1.035614	  0.35954	  0
  47	   8	   4	   6	  f 	  A2/A2	  M1/M2	-0.004299	-1.035614	 -0.50869	  0
  48	   1	  -1	  -1	  m 	  A2/A2	  M1/M1	-1.639277	-1.100586	  0.37495	  0
  48	   2	  -1	  -1	  f 	  A2/A2	  M2/M2	-1.639277	 1.155344	 -0.41527	  0
  48	   3	   1	   2	  m 	  A2/A2	  M1/M2	-0.537411	-1.073876	  0.37658	  0
  48	   4	   1	   2	  m 	  A2/A2	  M1/M2	-1.232697	-1.073876	 -0.75671	  0
  48	   5	   1	   2	  f 	  A2/A2	  M1/M2	 0.129752	-1.073876	  0.32473	  0
  48	   6	  -1	  -1	  f 	  A2/A2	  M1/M2	-1.232697	-0.500139	 -0.58250	  0
  48	   7	   4	   6	  m 	  A2/A2	  M1/M1	 1.036290	-0.023778	  0.49200	  1
  48	   8	   4	   6	  f 	  A2/A2	  M2/M2	 0.065215	-0.023778	 -0.11812	  0
  49	   1	  -1	  -1	  m 	  A2/A2	  M2/M2	-0.361201	-0.608315	 -1.19552	  0
  49	   2	  -1	  -1	  f 	  A2/A2	  M2/M2	-0.361201	-2.191011	 -0.48090	  0
  49	   3	   1	   2	  m 	  A2/A2	  M2/M2	 0.755134	-0.878890	 -0.43548	  0
  49	   4	   1	   2	  m 	  A2/A2	  M2/M2	 0.349455	-0.878890	 -0.54911	  0
  49	   5	   1	   2	  f 	  A2/A2	  M2/M2	 0.020347	-0.878890	  0.18777	  0
  49	   6	  -1	  -1	  f 	  A2/A2	  M1/M2	 0.349455	 0.381153	  0.76967	  0
  49	   7	   4	   6	  m 	  A2/A2	  M1/M2	 0.113231	-0.017928	  0.38916	  0
  49	   8	   4	   6	  f 	  A2/A2	  M1/M2	-0.074000	-0.017928	  0.97356	  1
  50	   1	  -1	  -1	  m 	  A2/A2	  M1/M2	-0.026324	-0.035730	 -0.94388	  0
  50	   2	  -1	  -1	  f 	  A1/A2	  M2/M2	-0.026324	 0.151817	  0.65707	  0
  50	   3	   1	   2	  m 	  A2/A2	  M1/M2	-1.299138	 0.877333	 -0.28446	  0
  50	   4	   1	   2	  m 	  A2/A2	  M1/M2	 0.025764	 0.877333	  0.57801	  0
  50	   5	   1	   2	  f 	  A2/A2	  M2/M2	-1.558659	 0.877333	 -0.47944	  0
  50	   6	  -1	  -1	  f 	  A1/A2	  M2/M2	 0.025764	 1.691330	  1.83604	  0
  50	   7	   4	   6	  m 	  A1/A2	  M1/M2	 0.908203	 0.167019	  0.17568	  0
  50	   8	   4	   6	  f 	  A1/A2	  M1/M2	 0.648436	 0.167019	 -0.46097	  0
  51	   1	  -1	  -1	  m 	  A1/A2	  M1/M2	-0.175237	-0.620171	 -0.09400	  0
  51	   2	  -1	  -1	  f 	  A2/A2	  M2/M2	-0.175237	-0.994240	 -0.46162	  0
  51	   3	   1	   2	  m 	  A1/A2	  M2/M2	 1.017506	 1.508781	  0.45569	  0
  51	   4	   1	   2	  m 	  A2/A2	  M2/M2	 0.538153	 1.508781	  1.25263	  1
  51	   5	   1	   2	  f 	  A2/A2	  M2/M2	-1.427560	 1.508781	 -0.24032	  0
  51	   6	  -1	  -1	  f 	  A2/A2	  M1/M2	 0.538153	 0.159619	 -0.55686	  0
  51	   7	   4	   6	  m 	  A2/A2	  M2/M2	 1.430967	 2.075917	  0.35015	  1
  51	   8	   4	   6	  f 	  A2/A2	  M1/M2	-0.085522	 2.075917	  0.51829	  0
  52	   1	  -1	  -1	  m 	  A2/A2	  M1/M2	-1.472252	 0.763833	 -1.59342	  0
  52	   2	  -1	  -1	  f 	  A1/A2	  M1/M2	-1.472252	 0.982476	  0.75629	  0
  52	   3	   1	   2	  m 	  A2/A2	  M2/M2	-0.625012	-1.582567	 -0.95664	  0
  52	   4	   1	   2	  m 	  A1/A2	  M1/M1	-0.419190	-1.582567	 -0.92197	  0
  52	   5	   1	   2	  f 	  A1/A2	  M1/M1	-2.069720	-1.582567	 -0.45497	  0
  52	   6	  -1	  -1	  f 	  A2/A2	  M2/M2	-0.419190	 0.062027	 -0.67774	  0
  52	   7	   4	   6	  m 	  A2/A2	  M1/M2	 1.166639	-0.092876	  0.72154	  0
  52	   8	   4	   6	  f 	  A1/A2	  M1/M2	-2.495637	-0.092876	 -1.58661	  0
  53	   1	  -1	  -1	  m 	  A2/A2	  M1/M2	 0.500465	 2.385495	  2.05579	  1
  53	   2	  -1	  -1	  f 	  A2/A2	  M2/M2	 0.500465	-2.041159	 -0.44382	  0
  53	   3	   1	   2	  m 	  A2/A2	  M2/M2	 1.302031	 0.553078	  1.24717	  1
  53	   4	   1	   2	  m 	  A2/A2	  M2/M2	 0.596267	 0.553078	  0.43527	  0
  53	   5	   1	   2	  f 	  A2/A2	  M1/M2	-1.480983	 0.553078	 -0.21818	  0
  53	   6	  -1	  -1	  f 	  A1/A1	  M2/M2	 0.596267	-1.676216	 -0.92031	  0
  53	   7	   4	   6	  m 	  A1/A2	  M2/M2	 0.081081	-1.540519	 -1.40215	  0
  53	   8	   4	   6	  f 	  A1/A2	  M2/M2	 0.375476	-1.540519	  0.60989	  0
  54	   1	  -1	  -1	  m 	  A2/A2	  M1/M2	-1.022898	-0.188784	 -0.31460	  0
  54	   2	  -1	  -1	  f 	  A2/A2	  M1/M2	-1.022898	-0.461218	 -0.05587	  0
  54	   3	   1	   2	  m 	  A2/A2	  M2/M2	 0.622581	-1.228405	 -0.36344	  0
  54	   4	   1	   2	  m 	  A2/A2	  M1/M2	-3.093690	-1.228405	 -1.69973	  0
  54	   5	   1	   2	  f 	  A2/A2	  M1/M1	 1.466256	-1.228405	 -0.00504	  1
  54	   6	  -1	  -1	  f 	  A2/A2	  M1/M2	-3.093690	 0.127526	 -0.17525	  0
  54	   7	   4	   6	  m 	  A2/A2	  M1/M2	 0.724920	 2.454480	  1.15285	  1
  54	   8	   4	   6	  f 	  A2/A2	  M1/M1	 1.351273	 2.454480	  1.73566	  0
  55	   1	  -1	  -1	  m 	  A2/A2	  M1/M2	-0.592802	-0.585897	 -0.23680	  0
  55	   2	  -1	  -1	  f 	  A1/A2	  M2/M2	-0.592802	-0.837105	  0.12581	  0
  55	   3	   1	   2	  m 	  A1/A2	  M1/M2	-0.188523	 0.495010	 -0.28701	  0
  55	   4	   1	   2	  m 	  A1/A2	  M2/M2	 1.469240	 0.495010	  0.75520	  0
  55	   5	   1	   2	  f 	  A2/A2	  M1/M2	 0.906078	 0.495010	  1.70555	  1
  55	   6	  -1	  -1	  f 	  A1/A2	  M2/M2	 1.469240	 0.316967	  0.72221	  0
  55	   7	   4	   6	  m 	  A2/A2	  M2/M2	-0.277920	 0.870537	  0.93833	  0
  55	   8	   4	   6	  f 	  A1/A1	  M2/M2	-2.047157	 0.870537	 -1.46700	  0
  56	   1	  -1	  -1	  m 	  A2/A2	  M1/M2	-0.275554	-0.204111	 -1.00016	  0
  56	   2	  -1	  -1	  f 	  A1/A2	  M1/M2	-0.275554	 2.068464	  1.39227	  1
  56	   3	   1	   2	  m 	  A1/A2	  M2/M2	 1.011644	-2.392224	 -0.07435	  0
  56	   4	   1	   2	  m 	  A1/A2	  M1/M2	 0.659711	-2.392224	 -0.18320	  0
  56	   5	   1	   2	  f 	  A2/A2	  M1/M1	 1.447010	-2.392224	 -0.59619	  0
  56	   6	  -1	  -1	  f 	  A2/A2	  M2/M2	 0.659711	 0.935858	  0.19701	  0
  56	   7	   4	   6	  m 	  A1/A2	  M2/M2	 1.415238	 0.263760	 -0.22349	  0
  56	   8	   4	   6	  f 	  A1/A2	  M1/M2	 0.865138	 0.263760	 -0.07961	  0
  57	   1	  -1	  -1	  m 	  A1/A2	  M2/M2	 0.857225	 0.296268	  0.02343	  0
  57	   2	  -1	  -1	  f 	  A2/A2	  M2/M2	 0.857225	-0.004283	  0.71446	  0
  57	   3	   1	   2	  m 	  A1/A2	  M2/M2	 0.148958	 0.317004	  0.24256	  0
  57	   4	   1	   2	  m 	  A1/A2	  M2/M2	 0.590668	 0.317004	  0.28958	  0
  57	   5	   1	   2	  f 	  A2/A2	  M2/M2	 1.554633	 0.317004	 -0.06219	  0
  57	   6	  -1	  -1	  f 	  A2/A2	  M2/M2	 0.590668	-0.128100	 -0.29036	  0
  57	   7	   4	   6	  m 	  A2/A2	  M2/M2	 1.713959	-1.908524	  0.36722	  0
  57	   8	   4	   6	  f 	  A2/A2	  M2/M2	-0.131300	-1.908524	 -0.34375	  0
  58	   1	  -1	  -1	  m 	  A2/A2	  M2/M2	-2.437093	-0.027756	 -1.25181	  0
  58	   2	  -1	  -1	  f 	  A2/A2	  M2/M2	-2.437093	-0.746101	 -0.86566	  0
  58	   3	   1	   2	  m 	  A2/A2	  M2/M2	 0.627260	-0.981601	 -1.19055	  0
  58	   4	   1	   2	  m 	  A2/A2	  M2/M2	-0.814111	-0.981601	 -0.23899	  0
  58	   5	   1	   2	  f 	  A2/A2	  M2/M2	 0.291431	-0.981601	 -0.55913	  0
  58	   6	  -1	  -1	  f 	  A1/A2	  M1/M2	-0.814111	-0.125253	 -0.55708	  0
  58	   7	   4	   6	  m 	  A1/A2	  M1/M2	-1.690767	 1.042304	 -0.29881	  0
  58	   8	   4	   6	  f 	  A2/A2	  M1/M2	 0.014021	 1.042304	  0.05311	  0
  59	   1	  -1	  -1	  m 	  A1/A2	  M1/M2	-0.585241	 1.355667	  0.04670	  0
  59	   2	  -1	  -1	  f 	  A2/A2	  M1/M2	-0.585241	 1.959206	  0.20552	  0
  59	   3	   1	   2	  m 	  A1/A2	  M1/M2	 0.173696	 0.750590	  1.38142	  0
  59	   4	   1	   2	  m 	  A1/A2	  M2/M2	-0.709275	 0.750590	 -0.66131	  0
  59	   5	   1	   2	  f 	  A2/A2	  M2/M2	-1.220713	 0.750590	 -0.97507	  0
  59	   6	  -1	  -1	  f 	  A2/A2	  M2/M2	-0.709275	-0.959036	  0.72875	  0
  59	   7	   4	   6	  m 	  A1/A2	  M2/M2	 0.513492	-0.977077	  0.22527	  0
  59	   8	   4	   6	  f 	  A2/A2	  M2/M2	 1.446741	-0.977077	  0.24617	  0
  60	   1	  -1	  -1	  m 	  A2/A2	  M2/M2	 1.022551	-0.063275	  0.69928	  0
  60	   2	  -1	  -1	  f 	  A2/A2	  M1/M2	 1.022551	 0.329457	  0.71986	  1
  60	   3	   1	   2	  m 	  A2/A2	  M2/M2	-1.223759	-0.169342	 -0.29357	  0
  60	   4	   1	   2	  m 	  A2/A2	  M1/M2	 0.240947	-0.169342	  0.44957	  0
  60	   5	   1	   2	  f 	  A2/A2	  M2/M2	-0.596945	-0.169342	  0.55257	  0
  60	   6	  -1	  -1	  f 	  A2/A2	  M2/M2	 0.240947	 0.042384	  0.07564	  1
  60	   7	   4	   6	  m 	  A2/A2	  M1/M2	 0.541066	-0.501638	  0.33264	  0
  60	   8	   4	   6	  f 	  A2/A2	  M2/M2	 1.275779	-0.501638	 -0.12486	  0
  61	   1	  -1	  -1	  m 	  A2/A2	  M2/M2	-0.041043	 0.523485	 -0.09615	  0
  61	   2	  -1	  -1	  f 	  A1/A2	  M1/M2	-0.041043	 0.895971	 -0.39739	  0
  61	   3	   1	   2	  m 	  A1/A2	  M1/M2	-0.646375	 0.112443	 -0.68000	  0
  61	   4	   1	   2	  m 	  A2/A2	  M2/M2	-0.557211	 0.112443	 -0.68986	  0
  61	   5	   1	   2	  f 	  A1/A2	  M1/M2	-0.600780	 0.112443	 -0.18721	  0
  61	   6	  -1	  -1	  f 	  A2/A2	  M2/M2	-0.557211	 1.268898	 -0.19219	  1
  61	   7	   4	   6	  m 	  A2/A2	  M2/M2	-0.371375	-1.053200	 -1.49707	  0
  61	   8	   4	   6	  f 	  A2/A2	  M2/M2	-0.411190	-1.053200	 -0.31142	  0
  62	   1	  -1	  -1	  m 	  A2/A2	  M2/M2	 0.465186	-0.412007	  0.72175	  1
  62	   2	  -1	  -1	  f 	  A1/A1	  M2/M2	 0.465186	-1.784388	 -0.57361	  1
  62	   3	   1	   2	  m 	  A1/A2	  M2/M2	-1.145432	 0.397321	  0.98164	  0
  62	   4	   1	   2	  m 	  A1/A2	  M2/M2	 1.243283	 0.397321	  1.38548	  0
  62	   5	   1	   2	  f 	  A1/A2	  M2/M2	 0.086187	 0.397321	 -0.00800	  0
  62	   6	  -1	  -1	  f 	  A1/A1	  M2/M2	 1.243283	-0.469264	 -0.90073	  0
  62	   7	   4	   6	  m 	  A1/A1	  M2/M2	 0.802136	-2.399045	  0.08127	  0
  62	   8	   4	   6	  f 	  A1/A2	  M2/M2	 0.139919	-2.399045	 -0.66630	  0
  63	   1	  -1	  -1	  m 	  A2/A2	  M2/M2	 0.294997	-0.650238	  0.92507	  0
  63	   2	  -1	  -1	  f 	  A2/A2	  M2/M2	 0.294997	-0.959773	 -0.50125	  0
  63	   3	   1	   2	  m 	  A2/A2	  M2/M2	 0.945599	 1.910373	  1.24208	  1
  63	   4	   1	   2	  m 	  A2/A2	  M2/M2	-1.450904	 1.910373	  0.91406	  0
  63	   5	   1	   2	  f 	  A2/A2	  M2/M2	 1.226655	 1.910373	  0.98103	  1
  63	   6	  -1	  -1	  f 	  A2/A2	  M2/M2	-1.450904	-0.068596	 -0.01364	  0
  63	   7	   4	   6	  m 	  A2/A2	  M2/M2	 0.237087	 0.197777	  0.13005	  0
  63	   8	   4	   6	  f 	  A2/A2	  M2/M2	-0.771971	 0.197777	 -0.38049	  0
  64	   1	  -1	  -1	  m 	  A2/A2	  M2/M2	-0.046573	 0.281615	 -1.11768	  0
  64	   2	  -1	  -1	  f 	  A2/A2	  M1/M2	-0.046573	 0.765902	 -0.01751	  0
  64	   3	   1	   2	  m 	  A2/A2	  M1/M2	-0.770444	 0.562984	  0.27019	  0
  64	   4	   1	   2	  m 	  A2/A2	  M2/M2	-0.270215	 0.562984	  0.05535	  0
  64	   5	   1	   2	  f 	  A2/A2	  M1/M2	 0.121826	 0.562984	  0.89298	  0
  64	   6	  -1	  -1	  f 	  A2/A2	  M1/M2	-0.270215	-0.477864	 -0.37746	  0
  64	   7	   4	   6	  m 	  A2/A2	  M2/M2	-0.620556	 1.915640	 -0.44056	  0
  64	   8	   4	   6	  f 	  A2/A2	  M1/M2	-0.146949	 1.915640	  1.04179	  1
  65	   1	  -1	  -1	  m 	  A2/A2	  M2/M2	 0.195762	-3.215041	 -0.66384	  0
  65	   2	  -1	  -1	  f 	  A2/A2	  M1/M2	 0.195762	 0.956382	 -0.64146	  0
  65	   3	   1	   2	  m 	  A2/A2	  M1/M2	 0.367329	 0.435120	 -0.28892	  1
  65	   4	   1	   2	  m 	  A2/A2	  M1/M2	 0.276087	 0.435120	  0.33746	  0
  65	   5	   1	   2	  f 	  A2/A2	  M2/M2	-1.163680	 0.435120	  0.97048	  0
  65	   6	  -1	  -1	  f 	  A2/A2	  M2/M2	 0.276087	 0.525299	 -0.40539	  0
  65	   7	   4	   6	  m 	  A2/A2	  M2/M2	 0.003522	-0.960812	 -0.59870	  0
  65	   8	   4	   6	  f 	  A2/A2	  M2/M2	 0.250944	-0.960812	  0.06422	  0
  66	   1	  -1	  -1	  m 	  A1/A1	  M1/M2	 0.534099	-1.149636	 -0.89092	  0
  66	   2	  -1	  -1	  f 	  A1/A2	  M2/M2	 0.534099	-0.447855	 -0.19872	  0
  66	   3	   1	   2	  m 	  A1/A2	  M2/M2	-0.131635	 1.253191	  0.77892	  0
  66	   4	   1	   2	  m 	  A1/A2	  M2/M2	-1.154491	 1.253191	  0.44803	  0
  66	   5	   1	   2	  f 	  A1/A1	  M1/M2	-0.253271	 1.253191	  0.20339	  0
  66	   6	  -1	  -1	  f 	  A2/A2	  M1/M2	-1.154491	 0.518631	 -0.33995	  0
  66	   7	   4	   6	  m 	  A1/A2	  M1/M2	 1.722447	 0.144640	 -0.30532	  0
  66	   8	   4	   6	  f 	  A2/A2	  M2/M2	-0.114740	 0.144640	  0.13900	  0
  67	   1	  -1	  -1	  m 	  A1/A2	  M2/M2	 0.753583	-2.546956	 -0.57268	  0
  67	   2	  -1	  -1	  f 	  A2/A2	  M2/M2	 0.753583	 2.694134	 -0.36992	  1
  67	   3	   1	   2	  m 	  A2/A2	  M2/M2	 0.417281	-1.105436	 -1.21222	  0
  67	   4	   1	   2	  m 	  A2/A2	  M2/M2	-0.305595	-1.105436	 -0.70824	  0
  67	   5	   1	   2	  f 	  A1/A2	  M2/M2	-0.521153	-1.105436	 -1.24471	  0
  67	   6	  -1	  -1	  f 	  A1/A2	  M2/M2	-0.305595	 0.723461	  0.35583	  0
  67	   7	   4	   6	  m 	  A1/A2	  M2/M2	 0.974212	 0.082430	  0.58072	  0
  67	   8	   4	   6	  f 	  A2/A2	  M2/M2	 1.374919	 0.082430	  0.15472	  0
  68	   1	  -1	  -1	  m 	  A2/A2	  M1/M2	-1.227821	 0.202006	  0.60840	  0
  68	   2	  -1	  -1	  f 	  A1/A2	  M1/M2	-1.227821	-0.138054	 -0.55261	  0
  68	   3	   1	   2	  m 	  A2/A2	  M2/M2	-1.590954	 1.475782	  0.73667	  0
  68	   4	   1	   2	  m 	  A1/A2	  M2/M2	-0.181456	 1.475782	  0.59959	  0
  68	   5	   1	   2	  f 	  A2/A2	  M1/M2	 0.618769	 1.475782	  1.42642	  1
  68	   6	  -1	  -1	  f 	  A2/A2	  M2/M2	-0.181456	 1.225707	  0.22148	  0
  68	   7	   4	   6	  m 	  A2/A2	  M2/M2	-2.122666	-0.472009	 -0.12113	  0
  68	   8	   4	   6	  f 	  A2/A2	  M2/M2	-1.693538	-0.472009	 -0.01176	  0
  69	   1	  -1	  -1	  m 	  A2/A2	  M2/M2	 0.755124	-2.130112	 -0.07709	  0
  69	   2	  -1	  -1	  f 	  A1/A2	  M1/M2	 0.755124	 0.062759	 -0.59519	  0
  69	   3	   1	   2	  m 	  A1/A2	  M1/M2	 1.212936	-1.607463	  0.73342	  0
  69	   4	   1	   2	  m 	  A2/A2	  M2/M2	 0.987205	-1.607463	  0.60293	  0
  69	   5	   1	   2	  f 	  A1/A2	  M2/M2	 0.486710	-1.607463	  0.24956	  0
  69	   6	  -1	  -1	  f 	  A2/A2	  M1/M2	 0.987205	-0.311786	  0.99242	  0
  69	   7	   4	   6	  m 	  A2/A2	  M1/M2	-0.003836	 0.363841	 -0.17083	  0
  69	   8	   4	   6	  f 	  A2/A2	  M2/M2	 1.987592	 0.363841	  0.62062	  0
  70	   1	  -1	  -1	  m 	  A2/A2	  M2/M2	-0.773923	 1.109261	 -0.24874	  0
  70	   2	  -1	  -1	  f 	  A2/A2	  M2/M2	-0.773923	 1.170246	 -0.57605	  0
  70	   3	   1	   2	  m 	  A2/A2	  M2/M2	-0.406312	-1.165599	 -1.88256	  0
  70	   4	   1	   2	  m 	  A2/A2	  M2/M2	-0.207496	-1.165599	 -1.34548	  0
  70	   5	   1	   2	  f 	  A2/A2	  M2/M2	-1.326229	-1.165599	 -0.78272	  0
  70	   6	  -1	  -1	  f 	  A2/A2	  M1/M2	-0.207496	 2.090057	  0.47466	  1
  70	   7	   4	   6	  m 	  A2/A2	  M2/M2	 0.562114	-0.328265	  0.32245	  1
  70	   8	   4	   6	  f 	  A2/A2	  M2/M2	-0.948674	-0.328265	 -0.26092	  0
  71	   1	  -1	  -1	  m 	  A2/A2	  M2/M2	-0.713700	 0.637671	 -0.45285	  0
  71	   2	  -1	  -1	  f 	  A2/A2	  M2/M2	-0.713700	 0.760925	 -0.39162	  0
  71	   3	   1	   2	  m 	  A2/A2	  M2/M2	-0.386377	-0.187533	  0.32782	  0
  71	   4	   1	   2	  m 	  A2/A2	  M2/M2	-0.322968	-0.187533	 -0.48244	  0
  71	   5	   1	   2	  f 	  A2/A2	  M2/M2	-0.728491	-0.187533	 -0.79727	  0
  71	   6	  -1	  -1	  f 	  A2/A2	  M2/M2	-0.322968	-0.092853	  0.69355	  0
  71	   7	   4	   6	  m 	  A2/A2	  M2/M2	-0.926276	-2.046268	 -0.30925	  0
  71	   8	   4	   6	  f 	  A2/A2	  M2/M2	 0.607101	-2.046268	  0.25237	  0
  72	   1	  -1	  -1	  m 	  A2/A2	  M2/M2	 0.669638	 0.728596	  0.51086	  0
  72	   2	  -1	  -1	  f 	  A1/A2	  M2/M2	 0.669638	 0.384666	  0.64788	  0
  72	   3	   1	   2	  m 	  A1/A2	  M2/M2	 1.412833	 0.997797	  0.08007	  0
  72	   4	   1	   2	  m 	  A2/A2	  M2/M2	-0.089414	 0.997797	 -0.53541	  0
  72	   5	   1	   2	  f 	  A1/A2	  M2/M2	-2.117745	 0.997797	 -0.05139	  0
  72	   6	  -1	  -1	  f 	  A2/A2	  M2/M2	-0.089414	-0.660550	 -0.28253	  1
  72	   7	   4	   6	  m 	  A2/A2	  M2/M2	-1.468545	 1.470569	 -0.13984	  1
  72	   8	   4	   6	  f 	  A2/A2	  M2/M2	 0.445497	 1.470569	  1.07217	  0
  73	   1	  -1	  -1	  m 	  A2/A2	  M2/M2	-0.537541	 1.899984	  0.48012	  0
  73	   2	  -1	  -1	  f 	  A2/A2	  M2/M2	-0.537541	-2.974830	  0.08284	  0
  73	   3	   1	   2	  m 	  A2/A2	  M2/M2	-0.414998	-0.161024	 -0.45229	  0
  73	   4	   1	   2	  m 	  A2/A2	  M2/M2	 0.348530	-0.161024	 -0.88826	  0
  73	   5	   1	   2	  f 	  A2/A2	  M2/M2	-0.555111	-0.161024	  0.01750	  0
  73	   6	  -1	  -1	  f 	  A2/A2	  M1/M2	 0.348530	-0.498100	  0.82414	  0
  73	   7	   4	   6	  m 	  A2/A2	  M2/M2	-3.249622	-0.505918	 -1.03716	  0
  73	   8	   4	   6	  f 	  A2/A2	  M1/M2	 0.072001	-0.505918	 -0.68281	  0
  74	   1	  -1	  -1	  m 	  A1/A2	  M1/M2	-0.598134	 0.840051	 -0.39430	  0
  74	   2	  -1	  -1	  f 	  A2/A2	  M2/M2	-0.598134	-0.372322	 -1.17676	  0
  74	   3	   1	   2	  m 	  A1/A2	  M2/M2	 0.081468	 0.347604	  0.53486	  0
  74	   4	   1	   2	  m 	  A2/A2	  M2/M2	-1.227604	 0.347604	 -0.64097	  0
  74	   5	   1	   2	  f 	  A2/A2	  M1/M2	 0.847018	 0.347604	  0.12009	  0
  74	   6	  -1	  -1	  f 	  A2/A2	  M2/M2	-1.227604	 0.245072	 -0.87263	  0
  74	   7	   4	   6	  m 	  A2/A2	  M2/M2	-0.007167	-0.889770	 -0.42160	  0
  74	   8	   4	   6	  f 	  A2/A2	  M2/M2	 0.353858	-0.889770	  0.61503	  0
  75	   1	  -1	  -1	  m 	  A2/A2	  M1/M2	 0.567888	-1.134164	  0.19819	  1
  75	   2	  -1	  -1	  f 	  A1/A2	  M1/M2	 0.567888	-0.827855	 -0.44276	  0
  75	   3	   1	   2	  m 	  A1/A2	  M1/M1	 0.796787	-0.116498	 -0.72433	  0
  75	   4	   1	   2	  m 	  A1/A2	  M2/M2	 0.418329	-0.116498	  0.37233	  0
  75	   5	   1	   2	  f 	  A1/A2	  M1/M1	-0.959056	-0.116498	  0.01052	  0
  75	   6	  -1	  -1	  f 	  A1/A1	  M1/M2	 0.418329	-0.599716	  0.65278	  0
  75	   7	   4	   6	  m 	  A1/A2	  M1/M2	 0.699573	 0.560233	  0.68156	  0
  75	   8	   4	   6	  f 	  A1/A2	  M1/M2	 0.378128	 0.560233	  0.40715	  0
  76	   1	  -1	  -1	  m 	  A1/A2	  M2/M2	-0.627097	-0.045159	  0.41820	  0
  76	   2	  -1	  -1	  f 	  A1/A1	  M2/M2	-0.627097	-0.345691	 -0.60969	  0
  76	   3	   1	   2	  m 	  A1/A2	  M2/M2	-0.245848	-1.572087	 -0.15950	  0
  76	   4	   1	   2	  m 	  A1/A2	  M2/M2	 0.282189	-1.572087	  0.08758	  0
  76	   5	   1	   2	  f 	  A1/A2	  M2/M2	-0.421942	-1.572087	 -0.39186	  0
  76	   6	  -1	  -1	  f 	  A2/A2	  M2/M2	 0.282189	-0.241719	  0.08010	  0
  76	   7	   4	   6	  m 	  A1/A2	  M2/M2	-0.964674	 0.043584	  0.04279	  0
  76	   8	   4	   6	  f 	  A1/A2	  M2/M2	-0.886223	 0.043584	 -0.72460	  0
  77	   1	  -1	  -1	  m 	  A2/A2	  M2/M2	 0.330150	-1.326611	  0.27384	  0
  77	   2	  -1	  -1	  f 	  A2/A2	  M1/M2	 0.330150	-1.020936	  0.37153	  0
  77	   3	   1	   2	  m 	  A2/A2	  M1/M2	-1.904313	 0.818633	  0.95416	  0
  77	   4	   1	   2	  m 	  A2/A2	  M2/M2	 0.100112	 0.818633	  0.57800	  0
  77	   5	   1	   2	  f 	  A2/A2	  M1/M2	 0.470133	 0.818633	 -0.21342	  0
  77	   6	  -1	  -1	  f 	  A2/A2	  M1/M2	 0.100112	 0.760875	  0.20766	  0
  77	   7	   4	   6	  m 	  A2/A2	  M2/M2	-0.763221	-0.822910	 -0.70909	  0
  77	   8	   4	   6	  f 	  A2/A2	  M1/M2	-0.793278	-0.822910	  0.01703	  0
  78	   1	  -1	  -1	  m 	  A1/A2	  M2/M2	-0.635660	 2.606055	  0.40116	  0
  78	   2	  -1	  -1	  f 	  A2/A2	  M2/M2	-0.635660	 1.130210	  0.11835	  0
  78	   3	   1	   2	  m 	  A1/A2	  M2/M2	-1.264217	 1.114055	 -0.04580	  0
  78	   4	   1	   2	  m 	  A2/A2	  M2/M2	-0.370338	 1.114055	 -0.37006	  0
  78	   5	   1	   2	  f 	  A2/A2	  M2/M2	-0.181243	 1.114055	  0.07127	  0
  78	   6	  -1	  -1	  f 	  A2/A2	  M1/M2	-0.370338	 1.331708	  0.99296	  0
  78	   7	   4	   6	  m 	  A2/A2	  M1/M2	 1.241087	-1.082721	  0.19406	  0
  78	   8	   4	   6	  f 	  A2/A2	  M1/M2	 1.788101	-1.082721	  0.50342	  0
  79	   1	  -1	  -1	  m 	  A2/A2	  M1/M2	-0.648367	 0.568506	  0.72952	  0
  79	   2	  -1	  -1	  f 	  A1/A2	  M1/M2	-0.648367	-1.701392	 -0.79566	  0
  79	   3	   1	   2	  m 	  A2/A2	  M2/M2	-1.286955	-0.008308	 -0.23039	  0
  79	   4	   1	   2	  m 	  A2/A2	  M2/M2	-0.592213	-0.008308	  0.28984	  0
  79	   5	   1	   2	  f 	  A1/A2	  M1/M2	-1.265671	-0.008308	 -0.01613	  0
  79	   6	  -1	  -1	  f 	  A2/A2	  M2/M2	-0.592213	 0.899142	 -0.14360	  0
  79	   7	   4	   6	  m 	  A2/A2	  M2/M2	-0.979928	 1.905266	  1.40715	  0
  79	   8	   4	   6	  f 	  A2/A2	  M2/M2	-0.364363	 1.905266	  1.13785	  0
  80	   1	  -1	  -1	  m 	  A1/A2	  M1/M2	 1.364327	-2.035119	  0.07688	  0
  80	   2	  -1	  -1	  f 	  A2/A2	  M2/M2	 1.364327	 0.035517	  0.30853	  0
  80	   3	   1	   2	  m 	  A1/A2	  M2/M2	-1.123143	-0.631609	  0.42523	  0
  80	   4	   1	   2	  m 	  A1/A2	  M1/M2	 1.367718	-0.631609	  0.61782	  0
  80	   5	   1	   2	  f 	  A1/A2	  M2/M2	-0.803004	-0.631609	  0.51406	  0
  80	   6	  -1	  -1	  f 	  A1/A1	  M2/M2	 1.367718	-1.164329	  0.49307	  0
  80	   7	   4	   6	  m 	  A1/A2	  M1/M2	 0.838035	 0.418728	  0.50088	  0
  80	   8	   4	   6	  f 	  A1/A2	  M1/M2	-0.969257	 0.418728	 -0.08442	  0
  81	   1	  -1	  -1	  m 	  A2/A2	  M2/M2	 0.573656	-0.110376	 -0.82618	  0
  81	   2	  -1	  -1	  f 	  A1/A2	  M2/M2	 0.573656	-0.516285	 -0.24974	  0
  81	   3	   1	   2	  m 	  A2/A2	  M2/M2	 2.717793	 2.406437	 -0.55873	  1
  81	   4	   1	   2	  m 	  A2/A2	  M2/M2	-1.216581	 2.406437	  0.55440	  0
  81	   5	   1	   2	  f 	  A1/A2	  M2/M2	-0.317238	 2.406437	  0.85847	  0
  81	   6	  -1	  -1	  f 	  A2/A2	  M2/M2	-1.216581	 1.364331	 -0.37376	  0
  81	   7	   4	   6	  m 	  A2/A2	  M2/M2	-0.461423	 0.068472	 -0.58943	  0
  81	   8	   4	   6	  f 	  A2/A2	  M2/M2	 1.083718	 0.068472	  0.50928	  0
  82	   1	  -1	  -1	  m 	  A2/A2	  M2/M2	 0.010212	-2.065348	 -1.12410	  0
  82	   2	  -1	  -1	  f 	  A2/A2	  M2/M2	 0.010212	-0.178854	 -0.30551	  0
  82	   3	   1	   2	  m 	  A2/A2	  M2/M2	-0.848577	-0.681941	  0.44776	  0
  82	   4	   1	   2	  m 	  A2/A2	  M2/M2	 3.221028	-0.681941	  0.73315	  1
  82	   5	   1	   2	  f 	  A2/A2	  M2/M2	 1.974341	-0.681941	 -0.88249	  0
  82	   6	  -1	  -1	  f 	  A2/A2	  M1/M2	 3.221028	 0.077214	  0.87187	  0
  82	   7	   4	   6	  m 	  A2/A2	  M1/M2	 0.919548	-1.543119	 -0.18879	  0
  82	   8	   4	   6	  f 	  A2/A2	  M2/M2	-0.090685	-1.543119	 -0.26853	  0
  83	   1	  -1	  -1	  m 	  A1/A2	  M1/M2	-1.499058	 0.827071	  0.10853	  0
  83	   2	  -1	  -1	  f 	  A2/A2	  M2/M2	-1.499058	-1.375657	 -0.40755	  0
  83	   3	   1	   2	  m 	  A1/A2	  M1/M2	 1.155387	 1.598326	  0.84775	  0
  83	   4	   1	   2	  m 	  A2/A2	  M1/M2	-0.472300	 1.598326	  0.82870	  0
  83	   5	   1	   2	  f 	  A1/A2	  M2/M2	-0.041269	 1.598326	  0.35061	  0
  83	   6	  -1	  -1	  f 	  A1/A2	  M2/M2	-0.472300	 0.458065	 -0.48164	  0
  83	   7	   4	   6	  m 	  A2/A2	  M2/M2	-1.057561	-0.311726	  0.03902	  0
  83	   8	   4	   6	  f 	  A1/A2	  M1/M2	-0.503825	-0.311726	  0.03216	  0
  84	   1	  -1	  -1	  m 	  A2/A2	  M1/M2	 0.048131	-0.055779	 -0.55415	  0
  84	   2	  -1	  -1	  f 	  A2/A2	  M2/M2	 0.048131	-2.298251	  0.31295	  0
  84	   3	   1	   2	  m 	  A2/A2	  M2/M2	 0.067972	 0.340994	 -0.08687	  0
  84	   4	   1	   2	  m 	  A2/A2	  M1/M2	-1.384194	 0.340994	  0.34956	  0
  84	   5	   1	   2	  f 	  A2/A2	  M1/M2	-0.059450	 0.340994	  0.73893	  0
  84	   6	  -1	  -1	  f 	  A1/A2	  M2/M2	-1.384194	-0.162304	  0.35502	  0
  84	   7	   4	   6	  m 	  A2/A2	  M1/M2	-0.297129	-0.948779	  0.08969	  0
  84	   8	   4	   6	  f 	  A2/A2	  M2/M2	-0.432084	-0.948779	 -0.41904	  0
  85	   1	  -1	  -1	  m 	  A2/A2	  M2/M2	 1.429852	 1.008719	  0.79842	  0
  85	   2	  -1	  -1	  f 	  A2/A2	  M2/M2	 1.429852	-0.288444	 -0.55678	  0
  85	   3	   1	   2	  m 	  A2/A2	  M2/M2	 0.016717	-0.131395	  0.09799	  0
  85	   4	   1	   2	  m 	  A2/A2	  M2/M2	 0.886370	-0.131395	  0.63690	  1
  85	   5	   1	   2	  f 	  A2/A2	  M2/M2	 1.207428	-0.131395	  0.32315	  0
  85	   6	  -1	  -1	  f 	  A1/A2	  M1/M2	 0.886370	-0.683953	 -0.93159	  0
  85	   7	   4	   6	  m 	  A1/A2	  M2/M2	 2.089399	 1.217587	  1.22763	  0
  85	   8	   4	   6	  f 	  A2/A2	  M2/M2	 1.157613	 1.217587	  0.25018	  0
  86	   1	  -1	  -1	  m 	  A1/A2	  M1/M2	-0.626934	-0.611085	 -0.55674	  0
  86	   2	  -1	  -1	  f 	  A1/A2	  M2/M2	-0.626934	-1.098406	 -0.14043	  0
  86	   3	   1	   2	  m 	  A1/A2	  M2/M2	-0.295985	 1.065693	  0.49262	  0
  86	   4	   1	   2	  m 	  A2/A2	  M2/M2	-0.557227	 1.065693	  0.55884	  0
  86	   5	   1	   2	  f 	  A1/A2	  M1/M2	 0.335123	 1.065693	  1.72766	  1
  86	   6	  -1	  -1	  f 	  A2/A2	  M2/M2	-0.557227	-0.235748	  0.70701	  1
  86	   7	   4	   6	  m 	  A2/A2	  M2/M2	 0.839425	 2.250475	  1.71376	  1
  86	   8	   4	   6	  f 	  A2/A2	  M2/M2	 0.029829	 2.250475	  1.24943	  1
  87	   1	  -1	  -1	  m 	  A1/A2	  M1/M2	 2.119318	 0.317056	  0.33906	  0
  87	   2	  -1	  -1	  f 	  A1/A2	  M2/M2	 2.119318	-0.148414	  0.95958	  1
  87	   3	   1	   2	  m 	  A1/A1	  M2/M2	 0.101003	-0.001613	 -0.46642	  0
  87	   4	   1	   2	  m 	  A1/A2	  M1/M2	 1.366410	-0.001613	 -0.18285	  0
  87	   5	   1	   2	  f 	  A1/A2	  M1/M2	 0.712550	-0.001613	  0.51123	  0
  87	   6	  -1	  -1	  f 	  A2/A2	  M2/M2	 1.366410	 0.285029	  0.23937	  0
  87	   7	   4	   6	  m 	  A1/A2	  M1/M2	 0.611802	-0.432193	  0.94901	  0
  87	   8	   4	   6	  f 	  A1/A2	  M1/M2	 0.171262	-0.432193	 -1.10762	  1
  88	   1	  -1	  -1	  m 	  A2/A2	  M2/M2	-1.139910	-0.996679	  0.00139	  0
  88	   2	  -1	  -1	  f 	  A2/A2	  M2/M2	-1.139910	 0.810839	  0.32868	  0
  88	   3	   1	   2	  m 	  A2/A2	  M2/M2	 1.152253	-0.159574	 -0.13667	  1
  88	   4	   1	   2	  m 	  A2/A2	  M2/M2	 0.307264	-0.159574	  0.35040	  0
  88	   5	   1	   2	  f 	  A2/A2	  M2/M2	-2.014907	-0.159574	 -0.21323	  0
  88	   6	  -1	  -1	  f 	  A2/A2	  M2/M2	 0.307264	-1.410884	 -0.90645	  0
  88	   7	   4	   6	  m 	  A2/A2	  M2/M2	 0.381044	 0.027448	  0.08827	  0
  88	   8	   4	   6	  f 	  A2/A2	  M2/M2	 0.614221	 0.027448	  0.90246	  0
  89	   1	  -1	  -1	  m 	  A1/A2	  M2/M2	 0.017370	 0.821069	 -0.40209	  1
  89	   2	  -1	  -1	  f 	  A2/A2	  M2/M2	 0.017370	 0.257250	 -0.65607	  0
  89	   3	   1	   2	  m 	  A2/A2	  M2/M2	 1.383752	-0.487410	 -0.20534	  0
  89	   4	   1	   2	  m 	  A2/A2	  M2/M2	-1.570775	-0.487410	 -0.32612	  0
  89	   5	   1	   2	  f 	  A2/A2	  M2/M2	 0.897414	-0.487410	 -0.04039	  0
  89	   6	  -1	  -1	  f 	  A2/A2	  M2/M2	-1.570775	-0.035251	  0.34078	  0
  89	   7	   4	   6	  m 	  A2/A2	  M2/M2	-0.597428	 1.963990	 -0.10469	  0
  89	   8	   4	   6	  f 	  A2/A2	  M2/M2	-0.332825	 1.963990	  0.40278	  0
  90	   1	  -1	  -1	  m 	  A1/A2	  M2/M2	-1.627510	-0.140952	 -0.52861	  0
  90	   2	  -1	  -1	  f 	  A2/A2	  M2/M2	-1.627510	 0.485812	 -0.05128	  0
  90	   3	   1	   2	  m 	  A2/A2	  M2/M2	 0.314953	-2.208159	 -1.20084	  0
  90	   4	   1	   2	  m 	  A1/A2	  M2/M2	-0.119882	-2.208159	 -0.39468	  0
  90	   5	   1	   2	  f 	  A2/A2	  M2/M2	 1.804907	-2.208159	 -0.66531	  0
  90	   6	  -1	  -1	  f 	  A2/A2	  M2/M2	-0.119882	 1.889495	 -0.13918	  0
  90	   7	   4	   6	  m 	  A2/A2	  M2/M2	-1.596457	 0.707588	  0.04941	  0
  90	   8	   4	   6	  f 	  A2/A2	  M2/M2	-0.006890	 0.707588	 -0.40027	  0
  91	   1	  -1	  -1	  m 	  A2/A2	  M2/M2	 1.009952	 1.017199	  0.96098	  1
  91	   2	  -1	  -1	  f 	  A1/A2	  M2/M2	 1.009952	-0.563821	  0.36937	  0
  91	   3	   1	   2	  m 	  A1/A2	  M2/M2	-1.048089	 0.277905	  0.26680	  0
  91	   4	   1	   2	  m 	  A2/A2	  M2/M2	-0.426240	 0.277905	 -0.48169	  1
  91	   5	   1	   2	  f 	  A2/A2	  M2/M2	-0.622364	 0.277905	 -0.33002	  0
  91	   6	  -1	  -1	  f 	  A2/A2	  M1/M2	-0.426240	 1.185915	  0.93670	  1
  91	   7	   4	   6	  m 	  A2/A2	  M2/M2	-1.106110	-1.360849	 -0.24857	  0
  91	   8	   4	   6	  f 	  A2/A2	  M2/M2	 0.030324	-1.360849	 -0.80210	  0
  92	   1	  -1	  -1	  m 	  A1/A2	  M2/M2	-0.081643	-1.015590	 -1.05832	  0
  92	   2	  -1	  -1	  f 	  A1/A2	  M2/M2	-0.081643	-0.668147	 -0.58221	  0
  92	   3	   1	   2	  m 	  A2/A2	  M2/M2	-0.615717	 1.717576	 -0.37830	  0
  92	   4	   1	   2	  m 	  A2/A2	  M2/M2	 0.162322	 1.717576	 -0.47767	  0
  92	   5	   1	   2	  f 	  A1/A2	  M2/M2	-0.206493	 1.717576	 -0.31638	  0
  92	   6	  -1	  -1	  f 	  A2/A2	  M2/M2	 0.162322	-1.063301	 -0.18393	  0
  92	   7	   4	   6	  m 	  A2/A2	  M2/M2	 1.018978	 1.240160	  0.47331	  1
  92	   8	   4	   6	  f 	  A2/A2	  M2/M2	 0.959645	 1.240160	  1.03955	  0
  93	   1	  -1	  -1	  m 	  A2/A2	  M1/M2	 1.164332	-1.348938	 -0.43516	  0
  93	   2	  -1	  -1	  f 	  A1/A2	  M2/M2	 1.164332	-1.570593	  0.12920	  0
  93	   3	   1	   2	  m 	  A1/A2	  M2/M2	-0.737984	-0.002978	  0.01184	  0
  93	   4	   1	   2	  m 	  A1/A2	  M1/M2	 1.302575	-0.002978	 -0.13418	  0
  93	   5	   1	   2	  f 	  A2/A2	  M1/M2	-0.641039	-0.002978	 -0.18617	  0
  93	   6	  -1	  -1	  f 	  A2/A2	  M1/M2	 1.302575	-0.109909	 -0.38925	  0
  93	   7	   4	   6	  m 	  A2/A2	  M1/M1	-0.959695	 0.839629	 -0.51258	  0
  93	   8	   4	   6	  f 	  A2/A2	  M2/M2	-0.988585	 0.839629	 -0.41694	  0
  94	   1	  -1	  -1	  m 	  A2/A2	  M1/M2	 1.386164	 0.221900	 -0.21942	  0
  94	   2	  -1	  -1	  f 	  A1/A2	  M2/M2	 1.386164	 1.282268	  0.97717	  0
  94	   3	   1	   2	  m 	  A1/A2	  M1/M2	 1.209461	 0.807645	  0.64504	  0
  94	   4	   1	   2	  m 	  A1/A2	  M1/M2	-0.549544	 0.807645	  0.52015	  0
  94	   5	   1	   2	  f 	  A1/A2	  M2/M2	 0.607359	 0.807645	  0.30443	  0
  94	   6	  -1	  -1	  f 	  A2/A2	  M2/M2	-0.549544	 0.897311	 -0.42185	  0
  94	   7	   4	   6	  m 	  A1/A2	  M1/M2	 0.365757	-1.027894	 -0.41816	  0
  94	   8	   4	   6	  f 	  A1/A2	  M2/M2	-0.215975	-1.027894	 -0.08325	  0
  95	   1	  -1	  -1	  m 	  A2/A2	  M2/M2	-1.889655	 1.668359	  0.13738	  0
  95	   2	  -1	  -1	  f 	  A2/A2	  M1/M1	-1.889655	-0.733746	 -0.78661	  0
  95	   3	   1	   2	  m 	  A2/A2	  M1/M2	 0.657134	-0.272438	  0.34558	  1
  95	   4	   1	   2	  m 	  A2/A2	  M1/M2	-1.105362	-0.272438	 -0.59362	  0
  95	   5	   1	   2	  f 	  A2/A2	  M1/M2	 1.562107	-0.272438	  0.22349	  0
  95	   6	  -1	  -1	  f 	  A2/A2	  M2/M2	-1.105362	 0.900234	 -0.41189	  0
  95	   7	   4	   6	  m 	  A2/A2	  M2/M2	-1.748611	-0.946641	 -0.21709	  0
  95	   8	   4	   6	  f 	  A2/A2	  M1/M2	-0.832335	-0.946641	 -0.67789	  0
  96	   1	  -1	  -1	  m 	  A2/A2	  M2/M2	-1.589351	-0.082057	 -1.50314	  0
  96	   2	  -1	  -1	  f 	  A2/A2	  M2/M2	-1.589351	 1.484775	  0.90545	  0
  96	   3	   1	   2	  m 	  A2/A2	  M2/M2	-0.030538	 0.850235	  0.24479	  0
  96	   4	   1	   2	  m 	  A2/A2	  M2/M2	 0.712776	 0.850235	 -0.01437	  0
  96	   5	   1	   2	  f 	  A2/A2	  M2/M2	 0.067284	 0.850235	 -0.92950	  0
  96	   6	  -1	  -1	  f 	  A1/A1	  M2/M2	 0.712776	 1.066722	  0.28510	  0
  96	   7	   4	   6	  m 	  A1/A2	  M2/M2	-0.544461	-0.301816	  0.68249	  0
  96	   8	   4	   6	  f 	  A1/A2	  M2/M2	 2.008134	-0.301816	  1.29314	  0
  97	   1	  -1	  -1	  m 	  A1/A2	  M2/M2	 0.901656	-0.351225	  0.32740	  0
  97	   2	  -1	  -1	  f 	  A1/A2	  M1/M2	 0.901656	-4.008586	 -1.46452	  0
  97	   3	   1	   2	  m 	  A1/A2	  M1/M2	 0.337824	-1.174239	 -0.45346	  0
  97	   4	   1	   2	  m 	  A1/A2	  M1/M2	 1.495285	-1.174239	 -0.37039	  0
  97	   5	   1	   2	  f 	  A1/A2	  M2/M2	 0.014949	-1.174239	 -0.29864	  0
  97	   6	  -1	  -1	  f 	  A2/A2	  M2/M2	 1.495285	 0.522316	  1.10994	  0
  97	   7	   4	   6	  m 	  A1/A2	  M2/M2	 1.067945	 1.763495	  1.01639	  1
  97	   8	   4	   6	  f 	  A2/A2	  M1/M2	-0.616631	 1.763495	  0.78797	  0
  98	   1	  -1	  -1	  m 	  A2/A2	  M2/M2	-0.424079	-1.226601	  0.26308	  0
  98	   2	  -1	  -1	  f 	  A2/A2	  M1/M2	-0.424079	 0.348988	  0.83362	  0
  98	   3	   1	   2	  m 	  A2/A2	  M2/M2	-0.373805	 0.424246	 -0.50390	  0
  98	   4	   1	   2	  m 	  A2/A2	  M1/M2	-0.722496	 0.424246	 -0.42479	  0
  98	   5	   1	   2	  f 	  A2/A2	  M1/M2	-0.142650	 0.424246	 -0.28120	  0
  98	   6	  -1	  -1	  f 	  A2/A2	  M2/M2	-0.722496	-1.083768	 -0.53166	  0
  98	   7	   4	   6	  m 	  A2/A2	  M1/M2	 0.051461	 0.064832	  0.48294	  0
  98	   8	   4	   6	  f 	  A2/A2	  M1/M2	 0.820758	 0.064832	 -0.22996	  1
  99	   1	  -1	  -1	  m 	  A2/A2	  M1/M2	-0.938820	 1.412110	 -0.42749	  0
  99	   2	  -1	  -1	  f 	  A2/A2	  M2/M2	-0.938820	 0.666846	 -1.38308	  0
  99	   3	   1	   2	  m 	  A2/A2	  M1/M2	-0.645321	-0.274404	 -0.38012	  0
  99	   4	   1	   2	  m 	  A2/A2	  M2/M2	-2.438642	-0.274404	 -1.35834	  0
  99	   5	   1	   2	  f 	  A2/A2	  M1/M2	 0.718274	-0.274404	 -0.27844	  0
  99	   6	  -1	  -1	  f 	  A2/A2	  M1/M2	-2.438642	 0.330633	 -0.51400	  0
  99	   7	   4	   6	  m 	  A2/A2	  M1/M2	 1.555460	 0.867962	  0.02877	  1
  99	   8	   4	   6	  f 	  A2/A2	  M2/M2	 0.095336	 0.867962	 -0.48882	  0
 100	   1	  -1	  -1	  m 	  A2/A2	  M2/M2	 1.672228	-0.705489	  0.18778	  1
 100	   2	  -1	  -1	  f 	  A1/A2	  M2/M2	 1.672228	 0.141310	  0.06746	  1
 100	   3	   1	   2	  m 	  A2/A2	  M2/M2	 0.186620	 0.472191	 -0.54248	  0
 100	   4	   1	   2	  m 	  A2/A2	  M2/M2	 0.333194	 0.472191	  0.52484	  0
 100	   5	   1	   2	  f 	  A2/A2	  M2/M2	-0.461805	 0.472191	 -1.06306	  0
 100	   6	  -1	  -1	  f 	  A2/A2	  M1/M2	 0.333194	-1.751786	  0.02024	  0
 100	   7	   4	   6	  m 	  A2/A2	  M1/M2	-0.558091	 2.772864	 -0.10348	  0
 100	   8	   4	   6	  f 	  A2/A2	  M2/M2	 2.358587	 2.772864	  1.03892	  0
 101	   1	  -1	  -1	  m 	  A2/A2	  M1/M2	-0.691501	-0.566584	 -0.51379	  0
 101	   2	  -1	  -1	  f 	  A2/A2	  M1/M2	-0.691501	 0.374919	  0.27166	  0
 101	   3	   1	   2	  m 	  A2/A2	  M1/M2	 1.245601	 0.468652	  1.03783	  1
 101	   4	   1	   2	  m 	  A2/A2	  M2/M2	-0.004377	 0.468652	 -0.45078	  0
 101	   5	   1	   2	  f 	  A2/A2	  M1/M1	 0.235391	 0.468652	  0.14803	  0
 101	   6	  -1	  -1	  f 	  A1/A2	  M1/M2	-0.004377	 0.124742	 -1.12172	  0
 101	   7	   4	   6	  m 	  A1/A2	  M1/M2	 1.535965	-0.141794	  0.76535	  1
 101	   8	   4	   6	  f 	  A1/A2	  M2/M2	-1.800177	-0.141794	 -0.54595	  0
 102	   1	  -1	  -1	  m 	  A1/A2	  M2/M2	 0.158236	 1.788141	  0.57635	  0
 102	   2	  -1	  -1	  f 	  A2/A2	  M1/M2	 0.158236	 1.172147	 -0.48825	  0
 102	   3	   1	   2	  m 	  A2/A2	  M2/M2	 0.113859	 0.523439	  0.08798	  0
 102	   4	   1	   2	  m 	  A1/A2	  M2/M2	 0.633085	 0.523439	 -0.39845	  0
 102	   5	   1	   2	  f 	  A1/A2	  M2/M2	-0.959137	 0.523439	  0.03386	  0
 102	   6	  -1	  -1	  f 	  A2/A2	  M2/M2	 0.633085	-0.331133	  0.36918	  0
 102	   7	   4	   6	  m 	  A2/A2	  M2/M2	-1.572148	 1.147260	 -0.14390	  0
 102	   8	   4	   6	  f 	  A1/A2	  M2/M2	 0.239511	 1.147260	  0.25267	  0
 103	   1	  -1	  -1	  m 	  A2/A2	  M2/M2	 1.690541	 1.178254	  0.47599	  1
 103	   2	  -1	  -1	  f 	  A2/A2	  M1/M2	 1.690541	-0.161097	  0.79667	  0
 103	   3	   1	   2	  m 	  A2/A2	  M2/M2	 1.304791	-2.589442	  0.94980	  0
 103	   4	   1	   2	  m 	  A2/A2	  M2/M2	 0.769280	-2.589442	  0.50078	  0
 103	   5	   1	   2	  f 	  A2/A2	  M1/M2	 0.791134	-2.589442	  0.35568	  0
 103	   6	  -1	  -1	  f 	  A1/A2	  M1/M2	 0.769280	-0.483945	 -0.46187	  0
 103	   7	   4	   6	  m 	  A2/A2	  M1/M2	 1.193155	 0.006148	  0.47140	  1
 103	   8	   4	   6	  f 	  A1/A2	  M2/M2	-1.193097	 0.006148	 -0.29398	  0
 104	   1	  -1	  -1	  m 	  A1/A2	  M2/M2	-1.291394	 0.235792	  0.52463	  0
 104	   2	  -1	  -1	  f 	  A2/A2	  M2/M2	-1.291394	 0.491020	  0.65778	  0
 104	   3	   1	   2	  m 	  A2/A2	  M2/M2	-1.101868	 0.689810	 -0.48964	  0
 104	   4	   1	   2	  m 	  A2/A2	  M2/M2	 0.250827	 0.689810	 -0.23376	  1
 104	   5	   1	   2	  f 	  A2/A2	  M2/M2	 0.190225	 0.689810	  0.18382	  0
 104	   6	  -1	  -1	  f 	  A1/A2	  M1/M2	 0.250827	 0.359477	  0.11333	  0
 104	   7	   4	   6	  m 	  A1/A2	  M1/M2	-0.397001	 0.380281	 -0.88542	  0
 104	   8	   4	   6	  f 	  A1/A2	  M2/M2	-1.726949	 0.380281	 -1.07651	  0
 105	   1	  -1	  -1	  m 	  A2/A2	  M2/M2	-0.631453	-0.633794	 -0.77748	  0
 105	   2	  -1	  -1	  f 	  A2/A2	  M2/M2	-0.631453	-1.130762	 -0.48965	  0
 105	   3	   1	   2	  m 	  A2/A2	  M2/M2	 0.353187	-0.483080	 -0.10693	  0
 105	   4	   1	   2	  m 	  A2/A2	  M2/M2	-0.246378	-0.483080	 -1.32792	  0
 105	   5	   1	   2	  f 	  A2/A2	  M2/M2	-1.122106	-0.483080	 -0.70733	  0
 105	   6	  -1	  -1	  f 	  A2/A2	  M1/M1	-0.246378	 0.285134	 -0.68079	  0
 105	   7	   4	   6	  m 	  A2/A2	  M1/M2	 0.247146	-1.170696	 -0.57825	  0
 105	   8	   4	   6	  f 	  A2/A2	  M1/M2	-2.004134	-1.170696	 -1.31690	  0
 106	   1	  -1	  -1	  m 	  A2/A2	  M2/M2	 0.232399	 0.545790	 -0.23190	  0
 106	   2	  -1	  -1	  f 	  A1/A2	  M2/M2	 0.232399	-0.553198	 -0.97228	  0
 106	   3	   1	   2	  m 	  A2/A2	  M2/M2	 0.279177	-0.025912	 -0.24259	  0
 106	   4	   1	   2	  m 	  A1/A2	  M2/M2	 0.898816	-0.025912	 -0.14560	  0
 106	   5	   1	   2	  f 	  A2/A2	  M2/M2	-1.002754	-0.025912	 -0.50988	  0
 106	   6	  -1	  -1	  f 	  A2/A2	  M2/M2	 0.898816	-1.034270	 -0.26502	  0
 106	   7	   4	   6	  m 	  A1/A2	  M2/M2	-0.792967	 0.398751	 -0.10393	  0
 106	   8	   4	   6	  f 	  A2/A2	  M2/M2	-0.118342	 0.398751	 -1.28866	  0
 107	   1	  -1	  -1	  m 	  A2/A2	  M1/M2	-0.616869	 1.524544	  0.50921	  0
 107	   2	  -1	  -1	  f 	  A2/A2	  M2/M2	-0.616869	-0.736709	  1.04246	  0
 107	   3	   1	   2	  m 	  A2/A2	  M2/M2	-0.536132	 0.015337	  0.04533	  0
 107	   4	   1	   2	  m 	  A2/A2	  M1/M2	-1.312147	 0.015337	 -1.03621	  0
 107	   5	   1	   2	  f 	  A2/A2	  M1/M2	-0.647189	 0.015337	  0.20974	  0
 107	   6	  -1	  -1	  f 	  A1/A2	  M2/M2	-1.312147	 0.243315	 -0.67368	  0
 107	   7	   4	   6	  m 	  A2/A2	  M1/M2	-0.997137	 0.705338	 -0.53092	  0
 107	   8	   4	   6	  f 	  A1/A2	  M1/M2	 0.086900	 0.705338	  0.36704	  0
 108	   1	  -1	  -1	  m 	  A2/A2	  M1/M2	 0.238703	-0.348573	  1.11222	  0
 108	   2	  -1	  -1	  f 	  A2/A2	  M2/M2	 0.238703	-0.173439	  0.35772	  0
 108	   3	   1	   2	  m 	  A2/A2	  M2/M2	 0.005398	 0.159578	  0.16887	  1
 108	   4	   1	   2	  m 	  A2/A2	  M1/M2	 1.532353	 0.159578	  1.27424	  0
 108	   5	   1	   2	  f 	  A2/A2	  M2/M2	-0.330464	 0.159578	  0.06350	  0
 108	   6	  -1	  -1	  f 	  A2/A2	  M2/M2	 1.532353	-0.206356	 -0.24064	  0
 108	   7	   4	   6	  m 	  A2/A2	  M2/M2	-2.308716	-2.677473	 -1.23180	  0
 108	   8	   4	   6	  f 	  A2/A2	  M2/M2	 0.404067	-2.677473	 -0.34487	  0
 109	   1	  -1	  -1	  m 	  A1/A2	  M1/M2	-0.158835	-0.100295	 -0.52745	  0
 109	   2	  -1	  -1	  f 	  A2/A2	  M2/M2	-0.158835	-0.141758	  0.71891	  0
 109	   3	   1	   2	  m 	  A2/A2	  M2/M2	 1.156060	 0.891921	  0.98087	  1
 109	   4	   1	   2	  m 	  A1/A2	  M1/M2	-0.432548	 0.891921	 -0.35506	  0
 109	   5	   1	   2	  f 	  A2/A2	  M1/M2	-2.236735	 0.891921	  0.20534	  0
 109	   6	  -1	  -1	  f 	  A2/A2	  M1/M1	-0.432548	-1.007553	 -0.47362	  0
 109	   7	   4	   6	  m 	  A2/A2	  M1/M2	 1.158085	 1.196521	  0.39880	  0
 109	   8	   4	   6	  f 	  A2/A2	  M1/M1	 0.644186	 1.196521	 -0.03260	  0
 110	   1	  -1	  -1	  m 	  A2/A2	  M2/M2	-1.752752	-1.288882	 -0.89314	  0
 110	   2	  -1	  -1	  f 	  A2/A2	  M2/M2	-1.752752	 0.587597	  0.06276	  0
 110	   3	   1	   2	  m 	  A2/A2	  M2/M2	 0.109745	-0.280399	  0.04928	  1
 110	   4	   1	   2	  m 	  A2/A2	  M2/M2	 0.660875	-0.280399	  0.06446	  0
 110	   5	   1	   2	  f 	  A2/A2	  M2/M2	 1.719081	-0.280399	  0.61962	  1
 110	   6	  -1	  -1	  f 	  A2/A2	  M1/M2	 0.660875	-0.841237	 -0.21297	  0
 110	   7	   4	   6	  m 	  A2/A2	  M2/M2	-1.740566	-0.856988	 -1.05452	  0
 110	   8	   4	   6	  f 	  A2/A2	  M2/M2	-1.337032	-0.856988	 -1.67368	  0
 111	   1	  -1	  -1	  m 	  A2/A2	  M2/M2	-0.137113	-0.385699	  0.02730	  0
 111	   2	  -1	  -1	  f 	  A1/A2	  M1/M2	-0.137113	 0.446879	 -0.11484	  0
 111	   3	   1	   2	  m 	  A1/A2	  M2/M2	 0.651181	-0.431558	  0.17326	  0
 111	   4	   1	   2	  m 	  A1/A2	  M1/M2	-0.517091	-0.431558	 -0.52000	  0
 111	   5	   1	   2	  f 	  A2/A2	  M2/M2	-0.663787	-0.431558	 -0.04486	  0
 111	   6	  -1	  -1	  f 	  A1/A2	  M1/M2	-0.517091	 0.133907	 -0.47538	  0
 111	   7	   4	   6	  m 	  A1/A1	  M1/M2	 0.315810	-3.163934	 -1.18249	  0
 111	   8	   4	   6	  f 	  A1/A2	  M1/M2	 0.742981	-3.163934	 -0.60401	  0
 112	   1	  -1	  -1	  m 	  A2/A2	  M2/M2	 2.177798	 0.371057	  0.87116	  0
 112	   2	  -1	  -1	  f 	  A2/A2	  M1/M2	 2.177798	-1.642692	 -0.51736	  0
 112	   3	   1	   2	  m 	  A2/A2	  M1/M2	 1.653357	-0.090110	  0.73205	  1
 112	   4	   1	   2	  m 	  A2/A2	  M1/M2	-0.084654	-0.090110	 -0.05174	  0
 112	   5	   1	   2	  f 	  A2/A2	  M2/M2	 0.580967	-0.090110	 -0.18243	  1
 112	   6	  -1	  -1	  f 	  A2/A2	  M2/M2	-0.084654	-1.261648	  0.00174	  0
 112	   7	   4	   6	  m 	  A2/A2	  M2/M2	 1.701103	-0.293456	  0.75225	  0
 112	   8	   4	   6	  f 	  A2/A2	  M2/M2	 0.926000	-0.293456	  0.41487	  0
 113	   1	  -1	  -1	  m 	  A1/A1	  M2/M2	-0.078458	-0.384286	  0.60517	  0
 113	   2	  -1	  -1	  f 	  A2/A2	  M1/M2	-0.078458	-2.040093	  0.35544	  0
 113	   3	   1	   2	  m 	  A1/A2	  M1/M2	-0.647447	-0.741363	 -0.97803	  0
 113	   4	   1	   2	  m 	  A1/A2	  M1/M2	-2.210168	-0.741363	 -0.70192	  0
 113	   5	   1	   2	  f 	  A1/A2	  M1/M2	 1.203239	-0.741363	 -0.45217	  0
 113	   6	  -1	  -1	  f 	  A1/A2	  M1/M2	-2.210168	-0.915887	  0.30263	  0
 113	   7	   4	   6	  m 	  A1/A2	  M1/M2	-1.145595	 0.323592	  0.05395	  0
 113	   8	   4	   6	  f 	  A1/A2	  M2/M2	-0.378350	 0.323592	  0.66717	  1
 114	   1	  -1	  -1	  m 	  A2/A2	  M2/M2	 1.422150	-0.762908	  1.08835	  0
 114	   2	  -1	  -1	  f 	  A1/A2	  M2/M2	 1.422150	-2.342775	 -0.25288	  0
 114	   3	   1	   2	  m 	  A2/A2	  M2/M2	-0.569095	 2.234016	  0.01964	  1
 114	   4	   1	   2	  m 	  A1/A2	  M2/M2	-1.330830	 2.234016	  0.75062	  0
 114	   5	   1	   2	  f 	  A1/A2	  M2/M2	-0.971737	 2.234016	 -0.36115	  0
 114	   6	  -1	  -1	  f 	  A2/A2	  M2/M2	-1.330830	-0.540307	  0.70806	  0
 114	   7	   4	   6	  m 	  A1/A2	  M2/M2	-2.601463	-1.008340	  0.04425	  0
 114	   8	   4	   6	  f 	  A2/A2	  M2/M2	 0.698050	-1.008340	 -0.25855	  0
 115	   1	  -1	  -1	  m 	  A2/A2	  M1/M2	-1.420804	 1.071899	 -0.76655	  0
 115	   2	  -1	  -1	  f 	  A2/A2	  M2/M2	-1.420804	 0.203225	  0.12721	  0
 115	   3	   1	   2	  m 	  A2/A2	  M1/M2	-0.778241	-0.766232	 -0.27805	  0
 115	   4	   1	   2	  m 	  A2/A2	  M2/M2	-0.856506	-0.766232	 -1.18250	  0
 115	   5	   1	   2	  f 	  A2/A2	  M2/M2	 0.445052	-0.766232	  0.28039	  0
 115	   6	  -1	  -1	  f 	  A1/A2	  M1/M2	-0.856506	-0.480498	  0.06944	  0
 115	   7	   4	   6	  m 	  A1/A2	  M1/M2	 1.321964	-0.257694	 -0.38083	  0
 115	   8	   4	   6	  f 	  A1/A2	  M1/M2	-1.749312	-0.257694	  0.24395	  0
 116	   1	  -1	  -1	  m 	  A2/A2	  M2/M2	 1.245667	-1.874657	 -0.73978	  0
 116	   2	  -1	  -1	  f 	  A2/A2	  M1/M2	 1.245667	-0.444124	  0.26247	  1
 116	   3	   1	   2	  m 	  A2/A2	  M1/M2	 0.227203	-0.603542	 -0.52278	  0
 116	   4	   1	   2	  m 	  A2/A2	  M2/M2	 0.787119	-0.603542	  0.23720	  0
 116	   5	   1	   2	  f 	  A2/A2	  M2/M2	-1.119493	-0.603542	 -0.19808	  1
 116	   6	  -1	  -1	  f 	  A1/A2	  M2/M2	 0.787119	 0.646189	  0.42923	  0
 116	   7	   4	   6	  m 	  A1/A2	  M2/M2	 0.077705	 0.834895	  0.41195	  0
 116	   8	   4	   6	  f 	  A2/A2	  M2/M2	-2.662345	 0.834895	 -0.55727	  0
 117	   1	  -1	  -1	  m 	  A2/A2	  M2/M2	-0.529996	-0.993156	 -0.82679	  0
 117	   2	  -1	  -1	  f 	  A1/A2	  M1/M2	-0.529996	-0.265871	  0.32824	  0
 117	   3	   1	   2	  m 	  A1/A2	  M2/M2	 1.093731	-0.573221	  1.01517	  1
 117	   4	   1	   2	  m 	  A2/A2	  M2/M2	-1.160694	-0.573221	  0.23496	  0
 117	   5	   1	   2	  f 	  A1/A2	  M1/M2	-0.553876	-0.573221	 -1.20921	  0
 117	   6	  -1	  -1	  f 	  A1/A2	  M2/M2	-1.160694	 1.415180	 -1.24795	  0
 117	   7	   4	   6	  m 	  A2/A2	  M2/M2	-2.708253	 0.563158	  0.35714	  0
 117	   8	   4	   6	  f 	  A2/A2	  M2/M2	 0.821649	 0.563158	  0.88863	  1
 118	   1	  -1	  -1	  m 	  A2/A2	  M1/M2	-1.214269	-1.323664	 -1.29374	  0
 118	   2	  -1	  -1	  f 	  A1/A2	  M2/M2	-1.214269	 0.526438	 -0.76623	  0
 118	   3	   1	   2	  m 	  A1/A2	  M2/M2	-0.840689	 0.393395	 -0.08086	  0
 118	   4	   1	   2	  m 	  A2/A2	  M1/M2	-0.183718	 0.393395	  0.27403	  0
 118	   5	   1	   2	  f 	  A1/A2	  M2/M2	 2.980006	 0.393395	  1.62628	  0
 118	   6	  -1	  -1	  f 	  A2/A2	  M1/M1	-0.183718	-0.417734	  0.52734	  0
 118	   7	   4	   6	  m 	  A2/A2	  M1/M2	 1.129160	-0.111812	 -0.24642	  1
 118	   8	   4	   6	  f 	  A2/A2	  M1/M1	 0.838813	-0.111812	  1.01519	  0
 119	   1	  -1	  -1	  m 	  A2/A2	  M2/M2	 0.571494	 0.001305	  0.25432	  0
 119	   2	  -1	  -1	  f 	  A2/A2	  M2/M2	 0.571494	 0.205160	 -0.30144	  0
 119	   3	   1	   2	  m 	  A2/A2	  M2/M2	-0.996470	 0.844735	  0.48208	  0
 119	   4	   1	   2	  m 	  A2/A2	  M2/M2	-2.102967	 0.844735	  0.15123	  0
 119	   5	   1	   2	  f 	  A2/A2	  M2/M2	-1.055578	 0.844735	 -0.00924	  0
 119	   6	  -1	  -1	  f 	  A1/A2	  M1/M2	-2.102967	 0.527418	  0.14990	  0
 119	   7	   4	   6	  m 	  A2/A2	  M1/M2	-0.828781	 0.243230	  0.53379	  0
 119	   8	   4	   6	  f 	  A2/A2	  M1/M2	-0.891848	 0.243230	  0.88011	  0
 120	   1	  -1	  -1	  m 	  A1/A1	  M1/M2	-0.372842	-0.467841	  0.39793	  0
 120	   2	  -1	  -1	  f 	  A2/A2	  M2/M2	-0.372842	-1.969459	 -0.82933	  0
 120	   3	   1	   2	  m 	  A1/A2	  M2/M2	 0.804386	-0.176808	  0.56733	  0
 120	   4	   1	   2	  m 	  A1/A2	  M2/M2	-0.723035	-0.176808	  0.35955	  0
 120	   5	   1	   2	  f 	  A1/A2	  M1/M2	-1.051056	-0.176808	 -0.41571	  0
 120	   6	  -1	  -1	  f 	  A2/A2	  M2/M2	-0.723035	-0.444785	 -1.18732	  0
 120	   7	   4	   6	  m 	  A2/A2	  M2/M2	 1.073808	-1.558407	 -0.62886	  0
 120	   8	   4	   6	  f 	  A2/A2	  M2/M2	 1.415090	-1.558407	  0.75407	  0
 121	   1	  -1	  -1	  m 	  A1/A2	  M2/M2	 1.115158	 0.104843	  0.96748	  1
 121	   2	  -1	  -1	  f 	  A1/A2	  M2/M2	 1.115158	 1.146436	  0.35068	  0
 121	   3	   1	   2	  m 	  A2/A2	  M2/M2	 1.372674	-0.547068	  0.57446	  0
 121	   4	   1	   2	  m 	  A2/A2	  M2/M2	 0.279893	-0.547068	 -0.59047	  0
 121	   5	   1	   2	  f 	  A1/A2	  M2/M2	-0.283746	-0.547068	 -0.00463	  0
 121	   6	  -1	  -1	  f 	  A2/A2	  M1/M2	 0.279893	 0.481250	 -0.36136	  0
 121	   7	   4	   6	  m 	  A2/A2	  M1/M2	-0.380462	 0.534092	  0.17947	  0
 121	   8	   4	   6	  f 	  A2/A2	  M1/M2	-0.462823	 0.534092	 -0.38400	  0
 122	   1	  -1	  -1	  m 	  A2/A2	  M1/M2	-1.324492	 0.372352	  0.15233	  0
 122	   2	  -1	  -1	  f 	  A1/A2	  M2/M2	-1.324492	-0.212968	 -0.37811	  0
 122	   3	   1	   2	  m 	  A1/A2	  M1/M2	 0.722555	 0.875476	  0.26629	  0
 122	   4	   1	   2	  m 	  A1/A2	  M2/M2	-1.021897	 0.875476	 -0.63068	  1
 122	   5	   1	   2	  f 	  A1/A2	  M2/M2	-0.006350	 0.875476	  0.23305	  0
 122	   6	  -1	  -1	  f 	  A2/A2	  M2/M2	-1.021897	 0.918725	 -0.14307	  0
 122	   7	   4	   6	  m 	  A2/A2	  M2/M2	-0.947127	-0.685493	  0.08315	  0
 122	   8	   4	   6	  f 	  A1/A2	  M2/M2	-0.106444	-0.685493	 -0.01803	  0
 123	   1	  -1	  -1	  m 	  A1/A1	  M1/M2	 1.115435	-0.573904	 -1.11821	  0
 123	   2	  -1	  -1	  f 	  A2/A2	  M1/M1	 1.115435	-0.099720	 -0.58153	  0
 123	   3	   1	   2	  m 	  A1/A2	  M1/M2	-1.134235	-1.437847	 -1.05794	  0
 123	   4	   1	   2	  m 	  A1/A2	  M1/M1	 0.428632	-1.437847	 -0.92550	  0
 123	   5	   1	   2	  f 	  A1/A2	  M1/M2	-1.031319	-1.437847	 -1.52403	  0
 123	   6	  -1	  -1	  f 	  A2/A2	  M1/M2	 0.428632	-0.591745	 -0.17649	  1
 123	   7	   4	   6	  m 	  A2/A2	  M1/M1	-1.130861	-0.789624	 -1.58620	  0
 123	   8	   4	   6	  f 	  A1/A2	  M1/M2	 0.015719	-0.789624	  0.34601	  0
 124	   1	  -1	  -1	  m 	  A1/A2	  M2/M2	 0.800535	 0.677784	  0.99632	  0
 124	   2	  -1	  -1	  f 	  A1/A2	  M2/M2	 0.800535	-0.891774	 -0.73750	  0
 124	   3	   1	   2	  m 	  A1/A2	  M2/M2	-0.069836	-0.719385	 -0.16545	  0
 124	   4	   1	   2	  m 	  A1/A1	  M2/M2	-0.105335	-0.719385	 -0.81800	  0
 124	   5	   1	   2	  f 	  A1/A1	  M2/M2	-0.746202	-0.719385	 -0.41193	  0
 124	   6	  -1	  -1	  f 	  A2/A2	  M2/M2	-0.105335	 0.509606	 -0.62957	  0
 124	   7	   4	   6	  m 	  A1/A2	  M2/M2	 1.174502	-0.757604	 -0.43045	  0
 124	   8	   4	   6	  f 	  A1/A2	  M2/M2	-0.701593	-0.757604	 -0.27031	  0
 125	   1	  -1	  -1	  m 	  A1/A2	  M2/M2	 2.064782	 0.475741	  0.56961	  0
 125	   2	  -1	  -1	  f 	  A1/A2	  M2/M2	 2.064782	 0.405469	  0.45670	  0
 125	   3	   1	   2	  m 	  A1/A2	  M2/M2	-0.912013	-0.134667	 -1.30706	  0
 125	   4	   1	   2	  m 	  A2/A2	  M2/M2	 1.314131	-0.134667	  0.03078	  0
 125	   5	   1	   2	  f 	  A2/A2	  M2/M2	-0.732773	-0.134667	 -1.29494	  0
 125	   6	  -1	  -1	  f 	  A2/A2	  M1/M2	 1.314131	-0.984304	  0.46988	  0
 125	   7	   4	   6	  m 	  A2/A2	  M2/M2	 0.078980	 1.567854	  1.14295	  0
 125	   8	   4	   6	  f 	  A2/A2	  M2/M2	 0.394583	 1.567854	 -0.08604	  0
