 PID	  ID	 DAD	 MOM	SEX	 LOC_01	 LOC_02	   ENV_01	   ENV_02	     PHEN	AFF
   1	   1	  -1	  -1	  m 	  A2/A2	  M2/M2	 1.405387	-1.554189	 -1.05910	  0
   1	   2	  -1	  -1	  f 	  A1/A2	  M2/M2	 1.405387	-0.004595	  0.19510	  0
   1	   3	   1	   2	  m 	  A1/A2	  M2/M2	 0.518000	 1.059985	 -0.80468	  0
   1	   4	   1	   2	  m 	  A1/A2	  M2/M2	 0.811792	 1.059985	 -0.55005	  0
   1	   5	   1	   2	  f 	  A1/A2	  M2/M2	-0.729073	 1.059985	 -0.17503	  0
   1	   6	  -1	  -1	  f 	  A1/A2	  M1/M2	 0.811792	-0.856894	  0.13451	  0
   1	   7	   4	   6	  m 	  A1/A1	  M2/M2	 0.585030	-0.183000	  0.57202	  0
   1	   8	   4	   6	  f 	  A1/A2	  M2/M2	 0.529465	-0.183000	 -0.43157	  0
   2	   1	  -1	  -1	  m 	  A2/A2	  M2/M2	-0.237523	 0.241956	 -0.84589	  0
   2	   2	  -1	  -1	  f 	  A1/A2	  M1/M2	-0.237523	-1.243318	 -0.58666	  0
   2	   3	   1	   2	  m 	  A2/A2	  M2/M2	-0.798762	-2.264507	 -1.67430	  0
   2	   4	   1	   2	  m 	  A2/A2	  M1/M2	-0.351743	-2.264507	 -0.90116	  0
   2	   5	   1	   2	  f 	  A2/A2	  M1/M2	-0.168013	-2.264507	 -0.99121	  0
   2	   6	  -1	  -1	  f 	  A2/A2	  M2/M2	-0.351743	-0.352254	 -1.80134	  0
   2	   7	   4	   6	  m 	  A2/A2	  M2/M2	-0.064366	-1.681741	 -1.48504	  0
   2	   8	   4	   6	  f 	  A2/A2	  M1/M2	 0.719226	-1.681741	 -0.43705	  0
   3	   1	  -1	  -1	  m 	  A1/A1	  M2/M2	-0.269087	-1.738979	  0.80237	  0
   3	   2	  -1	  -1	  f 	  A2/A2	  M2/M2	-0.269087	-0.294598	  0.37855	  1
   3	   3	   1	   2	  m 	  A1/A2	  M2/M2	-0.640042	-0.983492	  0.44288	  0
   3	   4	   1	   2	  m 	  A1/A2	  M2/M2	 0.890973	-0.983492	  0.19184	  0
   3	   5	   1	   2	  f 	  A1/A2	  M2/M2	-0.746037	-0.983492	  0.23305	  0
   3	   6	  -1	  -1	  f 	  A2/A2	  M1/M2	 0.890973	 0.195441	 -0.29675	  0
   3	   7	   4	   6	  m 	  A2/A2	  M2/M2	-1.602531	-1.914012	 -1.60687	  0
   3	   8	   4	   6	  f 	  A1/A2	  M1/M2	-0.033222	-1.914012	 -0.19343	  0
   4	   1	  -1	  -1	  m 	  A2/A2	  M2/M2	-1.671752	 1.679633	 -1.52769	  0
   4	   2	  -1	  -1	  f 	  A2/A2	  M1/M1	-1.671752	 1.389503	 -1.29280	  0
   4	   3	   1	   2	  m 	  A2/A2	  M1/M2	 0.745896	-0.901706	 -0.78886	  0
   4	   4	   1	   2	  m 	  A2/A2	  M1/M2	-0.810301	-0.901706	 -0.46879	  0
   4	   5	   1	   2	  f 	  A2/A2	  M1/M2	-2.757300	-0.901706	 -0.99137	  0
   4	   6	  -1	  -1	  f 	  A2/A2	  M1/M2	-0.810301	 1.096524	  0.48677	  0
   4	   7	   4	   6	  m 	  A2/A2	  M2/M2	 2.726162	-0.571457	 -0.77109	  0
   4	   8	   4	   6	  f 	  A2/A2	  M1/M2	-1.078105	-0.571457	 -0.60914	  0
   5	   1	  -1	  -1	  m 	  A2/A2	  M1/M1	-0.963630	 0.811961	 -0.62743	  0
   5	   2	  -1	  -1	  f 	  A1/A2	  M1/M2	-0.963630	-0.297116	 -0.05924	  0
   5	   3	   1	   2	  m 	  A1/A2	  M1/M1	 0.545206	-1.020853	 -1.27419	  0
   5	   4	   1	   2	  m 	  A2/A2	  M1/M1	-1.150703	-1.020853	 -1.99372	  0
   5	   5	   1	   2	  f 	  A2/A2	  M1/M1	 0.465603	-1.020853	 -1.16807	  0
   5	   6	  -1	  -1	  f 	  A1/A2	  M2/M2	-1.150703	 1.068514	  0.37357	  0
   5	   7	   4	   6	  m 	  A2/A2	  M1/M2	-0.397422	-0.328804	 -0.45062	  0
   5	   8	   4	   6	  f 	  A1/A2	  M1/M2	 0.893914	-0.328804	 -0.48279	  0
   6	   1	  -1	  -1	  m 	  A2/A2	  M2/M2	 1.627491	-0.422019	 -0.22038	  0
   6	   2	  -1	  -1	  f 	  A1/A2	  M1/M1	 1.627491	-1.303585	  0.29874	  0
   6	   3	   1	   2	  m 	  A1/A2	  M1/M2	-0.843893	-2.156328	 -0.83659	  0
   6	   4	   1	   2	  m 	  A1/A2	  M1/M2	-1.063885	-2.156328	 -1.05869	  0
   6	   5	   1	   2	  f 	  A1/A2	  M1/M2	-0.037839	-2.156328	 -0.31696	  0
   6	   6	  -1	  -1	  f 	  A1/A2	  M2/M2	-1.063885	-1.598208	 -0.21813	  0
   6	   7	   4	   6	  m 	  A1/A1	  M1/M2	 1.651450	-0.782739	  0.32416	  0
   6	   8	   4	   6	  f 	  A1/A2	  M2/M2	-0.969111	-0.782739	  0.33586	  0
   7	   1	  -1	  -1	  m 	  A1/A2	  M2/M2	-0.451883	 1.071088	  0.57960	  0
   7	   2	  -1	  -1	  f 	  A2/A2	  M1/M1	-0.451883	-0.076376	 -1.45011	  0
   7	   3	   1	   2	  m 	  A2/A2	  M1/M2	 0.364042	 0.231733	 -1.25755	  1
   7	   4	   1	   2	  m 	  A1/A2	  M1/M2	-0.204494	 0.231733	 -0.31488	  0
   7	   5	   1	   2	  f 	  A1/A2	  M1/M2	-1.381707	 0.231733	 -0.29131	  0
   7	   6	  -1	  -1	  f 	  A1/A2	  M1/M2	-0.204494	 0.856291	  0.38285	  0
   7	   7	   4	   6	  m 	  A1/A1	  M1/M1	-1.181017	-0.455314	 -0.01066	  0
   7	   8	   4	   6	  f 	  A1/A2	  M1/M2	-1.073482	-0.455314	 -0.89012	  0
   8	   1	  -1	  -1	  m 	  A2/A2	  M2/M2	 2.494059	 0.535075	 -0.21941	  1
   8	   2	  -1	  -1	  f 	  A1/A2	  M1/M2	 2.494059	 0.953190	  0.70027	  0
   8	   3	   1	   2	  m 	  A1/A2	  M2/M2	-1.458381	 0.124528	 -0.92633	  0
   8	   4	   1	   2	  m 	  A1/A2	  M1/M2	 0.990207	 0.124528	 -0.30022	  0
   8	   5	   1	   2	  f 	  A2/A2	  M2/M2	 0.232503	 0.124528	 -0.93867	  0
   8	   6	  -1	  -1	  f 	  A2/A2	  M1/M2	 0.990207	 0.635738	 -0.23952	  0
   8	   7	   4	   6	  m 	  A1/A2	  M1/M2	-1.520736	-1.712484	 -0.24916	  0
   8	   8	   4	   6	  f 	  A1/A2	  M1/M2	-1.633693	-1.712484	  0.14654	  0
   9	   1	  -1	  -1	  m 	  A1/A2	  M2/M2	 0.400235	-0.466336	  0.96833	  0
   9	   2	  -1	  -1	  f 	  A2/A2	  M1/M2	 0.400235	 0.776905	 -0.67010	  0
   9	   3	   1	   2	  m 	  A1/A2	  M1/M2	-0.040136	 1.027907	 -0.93748	  0
   9	   4	   1	   2	  m 	  A1/A2	  M1/M2	 0.731551	 1.027907	  0.77018	  0
   9	   5	   1	   2	  f 	  A1/A2	  M1/M2	-0.824675	 1.027907	 -0.24615	  0
   9	   6	  -1	  -1	  f 	  A2/A2	  M1/M2	 0.731551	-0.055721	 -0.45825	  0
   9	   7	   4	   6	  m 	  A1/A2	  M1/M2	-1.088295	 1.431011	  0.14554	  0
   9	   8	   4	   6	  f 	  A1/A2	  M1/M1	-0.056108	 1.431011	 -0.78452	  0
  10	   1	  -1	  -1	  m 	  A2/A2	  M1/M2	 0.436033	-1.109549	 -1.63990	  0
  10	   2	  -1	  -1	  f 	  A1/A2	  M2/M2	 0.436033	-0.960817	 -0.85828	  0
  10	   3	   1	   2	  m 	  A2/A2	  M1/M2	-0.913811	 0.310163	 -1.61468	  0
  10	   4	   1	   2	  m 	  A1/A2	  M1/M2	 0.229862	 0.310163	 -0.07942	  0
  10	   5	   1	   2	  f 	  A2/A2	  M2/M2	-0.350922	 0.310163	 -1.04721	  0
  10	   6	  -1	  -1	  f 	  A2/A2	  M2/M2	 0.229862	 1.077907	 -0.78057	  0
  10	   7	   4	   6	  m 	  A2/A2	  M2/M2	-0.171008	-0.708739	 -2.25874	  0
  10	   8	   4	   6	  f 	  A1/A2	  M2/M2	-1.855596	-0.708739	 -0.91892	  0
  11	   1	  -1	  -1	  m 	  A2/A2	  M1/M2	-1.928890	 0.603607	 -1.31139	  0
  11	   2	  -1	  -1	  f 	  A1/A2	  M1/M2	-1.928890	-1.571676	 -1.54377	  0
  11	   3	   1	   2	  m 	  A2/A2	  M1/M2	-0.792975	-1.631888	 -2.21232	  0
  11	   4	   1	   2	  m 	  A1/A2	  M1/M1	-0.202802	-1.631888	 -0.40694	  0
  11	   5	   1	   2	  f 	  A2/A2	  M2/M2	-0.778738	-1.631888	 -1.63531	  0
  11	   6	  -1	  -1	  f 	  A2/A2	  M1/M2	-0.202802	 0.026474	 -0.70560	  0
  11	   7	   4	   6	  m 	  A2/A2	  M1/M2	-0.580533	-0.098409	 -0.08755	  0
  11	   8	   4	   6	  f 	  A2/A2	  M1/M1	-0.399968	-0.098409	 -0.90906	  0
  12	   1	  -1	  -1	  m 	  A2/A2	  M2/M2	 0.032591	 1.418289	 -0.85126	  0
  12	   2	  -1	  -1	  f 	  A2/A2	  M1/M2	 0.032591	-1.389404	 -0.87752	  0
  12	   3	   1	   2	  m 	  A2/A2	  M2/M2	 0.010532	 0.418384	 -1.74388	  0
  12	   4	   1	   2	  m 	  A2/A2	  M1/M2	 0.745135	 0.418384	 -0.53657	  0
  12	   5	   1	   2	  f 	  A2/A2	  M1/M2	-0.412281	 0.418384	  0.38783	  0
  12	   6	  -1	  -1	  f 	  A2/A2	  M2/M2	 0.745135	 1.853795	 -0.53038	  0
  12	   7	   4	   6	  m 	  A2/A2	  M1/M2	 0.360134	-1.075256	 -2.11059	  0
  12	   8	   4	   6	  f 	  A2/A2	  M2/M2	-0.559180	-1.075256	 -1.93366	  0
  13	   1	  -1	  -1	  m 	  A1/A1	  M2/M2	 2.213322	-0.046453	  1.02587	  0
  13	   2	  -1	  -1	  f 	  A1/A2	  M1/M2	 2.213322	-0.043301	  0.43298	  0
  13	   3	   1	   2	  m 	  A1/A2	  M1/M2	 0.041126	 1.221320	  0.66298	  0
  13	   4	   1	   2	  m 	  A1/A2	  M1/M2	-0.732996	 1.221320	 -0.32235	  0
  13	   5	   1	   2	  f 	  A1/A1	  M1/M2	 0.745268	 1.221320	  0.41179	  0
  13	   6	  -1	  -1	  f 	  A1/A1	  M2/M2	-0.732996	 0.403088	  0.58970	  0
  13	   7	   4	   6	  m 	  A1/A1	  M2/M2	 0.118128	-0.245191	  0.49497	  0
  13	   8	   4	   6	  f 	  A1/A2	  M1/M2	-1.940345	-0.245191	 -0.74748	  0
  14	   1	  -1	  -1	  m 	  A2/A2	  M1/M2	-0.411909	 1.915272	 -1.29858	  0
  14	   2	  -1	  -1	  f 	  A1/A2	  M1/M2	-0.411909	-1.003469	 -0.96296	  0
  14	   3	   1	   2	  m 	  A2/A2	  M2/M2	 0.836315	 0.075875	 -1.91667	  0
  14	   4	   1	   2	  m 	  A1/A2	  M1/M1	 0.079426	 0.075875	 -0.75775	  0
  14	   5	   1	   2	  f 	  A1/A2	  M1/M2	-1.778593	 0.075875	  0.11904	  0
  14	   6	  -1	  -1	  f 	  A2/A2	  M2/M2	 0.079426	 1.050488	 -0.00604	  1
  14	   7	   4	   6	  m 	  A2/A2	  M1/M2	 0.540175	-0.918360	 -0.63737	  0
  14	   8	   4	   6	  f 	  A1/A2	  M1/M2	-0.690435	-0.918360	  0.02881	  0
  15	   1	  -1	  -1	  m 	  A1/A2	  M2/M2	-0.030670	 0.110246	  0.69189	  0
  15	   2	  -1	  -1	  f 	  A2/A2	  M1/M2	-0.030670	-0.746877	 -0.81160	  0
  15	   3	   1	   2	  m 	  A2/A2	  M1/M2	 0.118579	 2.445915	 -0.48124	  1
  15	   4	   1	   2	  m 	  A2/A2	  M1/M2	-1.407712	 2.445915	  0.10717	  1
  15	   5	   1	   2	  f 	  A2/A2	  M2/M2	-0.248768	 2.445915	  0.64008	  0
  15	   6	  -1	  -1	  f 	  A2/A2	  M2/M2	-1.407712	-0.858279	 -1.82390	  0
  15	   7	   4	   6	  m 	  A2/A2	  M2/M2	-0.443724	-1.612441	 -0.35246	  0
  15	   8	   4	   6	  f 	  A2/A2	  M2/M2	-0.613198	-1.612441	 -1.41651	  0
  16	   1	  -1	  -1	  m 	  A1/A2	  M1/M2	-0.449304	-0.164878	 -0.40191	  0
  16	   2	  -1	  -1	  f 	  A2/A2	  M1/M2	-0.449304	-0.592610	 -1.92200	  0
  16	   3	   1	   2	  m 	  A1/A2	  M1/M1	 0.588981	-0.483496	 -0.26088	  0
  16	   4	   1	   2	  m 	  A1/A2	  M1/M1	 1.642601	-0.483496	  0.20197	  0
  16	   5	   1	   2	  f 	  A2/A2	  M1/M1	 0.675409	-0.483496	 -0.99030	  0
  16	   6	  -1	  -1	  f 	  A2/A2	  M2/M2	 1.642601	-0.809363	 -0.87172	  0
  16	   7	   4	   6	  m 	  A2/A2	  M1/M2	-2.317366	-0.507352	 -1.93016	  0
  16	   8	   4	   6	  f 	  A2/A2	  M1/M2	 0.048449	-0.507352	 -0.28162	  0
  17	   1	  -1	  -1	  m 	  A2/A2	  M1/M2	-0.308504	-1.243678	 -1.37390	  0
  17	   2	  -1	  -1	  f 	  A2/A2	  M2/M2	-0.308504	-1.560620	 -0.48132	  1
  17	   3	   1	   2	  m 	  A2/A2	  M1/M2	-0.399520	 0.569764	 -2.13983	  0
  17	   4	   1	   2	  m 	  A2/A2	  M1/M2	-1.667648	 0.569764	 -0.37704	  0
  17	   5	   1	   2	  f 	  A2/A2	  M2/M2	-0.763792	 0.569764	 -0.30152	  0
  17	   6	  -1	  -1	  f 	  A2/A2	  M2/M2	-1.667648	 0.148606	 -1.55477	  0
  17	   7	   4	   6	  m 	  A2/A2	  M2/M2	 0.003497	 0.231344	 -1.75688	  1
  17	   8	   4	   6	  f 	  A2/A2	  M2/M2	 0.669771	 0.231344	 -1.76851	  0
  18	   1	  -1	  -1	  m 	  A2/A2	  M1/M2	-0.041140	 0.441381	  0.12120	  0
  18	   2	  -1	  -1	  f 	  A1/A2	  M2/M2	-0.041140	 1.079743	  0.14327	  0
  18	   3	   1	   2	  m 	  A2/A2	  M1/M2	 0.354568	 0.035426	 -0.78285	  0
  18	   4	   1	   2	  m 	  A2/A2	  M1/M2	-0.164417	 0.035426	 -0.22845	  0
  18	   5	   1	   2	  f 	  A1/A2	  M1/M2	-0.140887	 0.035426	  0.07243	  0
  18	   6	  -1	  -1	  f 	  A1/A2	  M1/M1	-0.164417	 0.460920	  0.11633	  0
  18	   7	   4	   6	  m 	  A2/A2	  M1/M2	 0.010289	 0.515357	  0.83809	  0
  18	   8	   4	   6	  f 	  A1/A2	  M1/M2	 1.787981	 0.515357	  0.13421	  0
  19	   1	  -1	  -1	  m 	  A2/A2	  M2/M2	 0.124312	 1.208679	 -0.65147	  0
  19	   2	  -1	  -1	  f 	  A1/A2	  M1/M2	 0.124312	-0.732023	 -0.23995	  0
  19	   3	   1	   2	  m 	  A1/A2	  M1/M2	-0.388087	 0.424009	 -1.21229	  0
  19	   4	   1	   2	  m 	  A2/A2	  M1/M2	-1.398735	 0.424009	 -1.20631	  0
  19	   5	   1	   2	  f 	  A2/A2	  M1/M2	 0.691682	 0.424009	 -0.37108	  0
  19	   6	  -1	  -1	  f 	  A1/A2	  M2/M2	-1.398735	 1.135902	 -0.15669	  0
  19	   7	   4	   6	  m 	  A2/A2	  M2/M2	-0.705327	 0.518048	 -1.05413	  0
  19	   8	   4	   6	  f 	  A2/A2	  M2/M2	 0.101226	 0.518048	 -1.18585	  0
  20	   1	  -1	  -1	  m 	  A2/A2	  M2/M2	-1.890037	 0.598751	 -0.45721	  0
  20	   2	  -1	  -1	  f 	  A2/A2	  M1/M2	-1.890037	-0.285843	 -1.57451	  0
  20	   3	   1	   2	  m 	  A2/A2	  M1/M2	 1.138071	 1.236182	 -0.34005	  1
  20	   4	   1	   2	  m 	  A2/A2	  M1/M2	 1.149597	 1.236182	  0.29509	  0
  20	   5	   1	   2	  f 	  A2/A2	  M2/M2	 1.060873	 1.236182	  0.79917	  0
  20	   6	  -1	  -1	  f 	  A2/A2	  M2/M2	 1.149597	 2.014283	  0.17643	  0
  20	   7	   4	   6	  m 	  A2/A2	  M1/M2	 0.009971	 1.036879	 -0.53788	  0
  20	   8	   4	   6	  f 	  A2/A2	  M1/M2	 1.425281	 1.036879	  0.42388	  1
  21	   1	  -1	  -1	  m 	  A2/A2	  M2/M2	-0.967279	-0.006207	 -0.75046	  1
  21	   2	  -1	  -1	  f 	  A1/A2	  M2/M2	-0.967279	-0.778032	  0.32352	  0
  21	   3	   1	   2	  m 	  A2/A2	  M2/M2	 0.503515	-0.574538	 -0.43146	  0
  21	   4	   1	   2	  m 	  A2/A2	  M2/M2	-0.664542	-0.574538	 -1.03972	  0
  21	   5	   1	   2	  f 	  A2/A2	  M2/M2	 0.672642	-0.574538	 -1.48412	  0
  21	   6	  -1	  -1	  f 	  A2/A2	  M2/M2	-0.664542	-0.332017	 -1.59979	  0
  21	   7	   4	   6	  m 	  A2/A2	  M2/M2	 0.205185	-0.868721	 -0.94853	  0
  21	   8	   4	   6	  f 	  A2/A2	  M2/M2	 0.531465	-0.868721	 -0.43276	  0
  22	   1	  -1	  -1	  m 	  A2/A2	  M1/M2	-1.019801	 0.249497	 -0.85054	  0
  22	   2	  -1	  -1	  f 	  A2/A2	  M2/M2	-1.019801	-1.998369	 -1.89629	  0
  22	   3	   1	   2	  m 	  A2/A2	  M2/M2	-1.679158	-0.332673	 -1.33489	  0
  22	   4	   1	   2	  m 	  A2/A2	  M1/M2	 0.531162	-0.332673	 -1.44361	  0
  22	   5	   1	   2	  f 	  A2/A2	  M2/M2	-1.014200	-0.332673	 -1.04555	  0
  22	   6	  -1	  -1	  f 	  A2/A2	  M1/M2	 0.531162	 0.344276	 -0.86423	  0
  22	   7	   4	   6	  m 	  A2/A2	  M2/M2	 1.413106	 0.950181	  0.41169	  0
  22	   8	   4	   6	  f 	  A2/A2	  M1/M2	-1.117498	 0.950181	 -1.70682	  0
  23	   1	  -1	  -1	  m 	  A1/A2	  M2/M2	-0.305785	 0.445847	  0.59752	  0
  23	   2	  -1	  -1	  f 	  A1/A2	  M2/M2	-0.305785	 0.799779	  0.72708	  0
  23	   3	   1	   2	  m 	  A2/A2	  M2/M2	 1.430414	-0.583840	 -0.97616	  0
  23	   4	   1	   2	  m 	  A1/A2	  M2/M2	-0.365703	-0.583840	  0.42570	  0
  23	   5	   1	   2	  f 	  A1/A1	  M2/M2	-0.516674	-0.583840	  0.98515	  0
  23	   6	  -1	  -1	  f 	  A2/A2	  M1/M2	-0.365703	 2.387440	 -0.21711	  0
  23	   7	   4	   6	  m 	  A2/A2	  M2/M2	-0.990841	-1.125164	 -0.84682	  0
  23	   8	   4	   6	  f 	  A1/A2	  M2/M2	 0.071021	-1.125164	 -0.22995	  0
  24	   1	  -1	  -1	  m 	  A1/A2	  M2/M2	-1.253634	-0.062742	  0.17657	  0
  24	   2	  -1	  -1	  f 	  A2/A2	  M1/M2	-1.253634	 0.339282	 -0.82418	  0
  24	   3	   1	   2	  m 	  A2/A2	  M1/M2	 2.423211	 1.670467	 -0.45571	  0
  24	   4	   1	   2	  m 	  A1/A2	  M2/M2	 0.790205	 1.670467	  0.33368	  0
  24	   5	   1	   2	  f 	  A1/A2	  M2/M2	 0.655263	 1.670467	  0.69839	  0
  24	   6	  -1	  -1	  f 	  A2/A2	  M1/M2	 0.790205	-0.452265	 -0.61356	  0
  24	   7	   4	   6	  m 	  A1/A2	  M2/M2	-0.761786	 0.055511	  0.15857	  0
  24	   8	   4	   6	  f 	  A2/A2	  M1/M2	 1.409332	 0.055511	 -0.20363	  1
  25	   1	  -1	  -1	  m 	  A2/A2	  M2/M2	 0.149184	 1.020780	 -0.57727	  0
  25	   2	  -1	  -1	  f 	  A2/A2	  M1/M1	 0.149184	-0.179355	 -0.58086	  0
  25	   3	   1	   2	  m 	  A2/A2	  M1/M2	 0.659202	-1.374526	 -0.78717	  0
  25	   4	   1	   2	  m 	  A2/A2	  M1/M2	-0.375369	-1.374526	 -1.47253	  0
  25	   5	   1	   2	  f 	  A2/A2	  M1/M2	-0.391129	-1.374526	 -1.53162	  0
  25	   6	  -1	  -1	  f 	  A2/A2	  M2/M2	-0.375369	-0.544319	 -1.24624	  0
  25	   7	   4	   6	  m 	  A2/A2	  M1/M2	-0.365494	 0.745653	 -0.49911	  1
  25	   8	   4	   6	  f 	  A2/A2	  M1/M2	 1.229154	 0.745653	 -0.14684	  0
  26	   1	  -1	  -1	  m 	  A2/A2	  M2/M2	 0.461444	 0.953087	 -0.56579	  0
  26	   2	  -1	  -1	  f 	  A2/A2	  M2/M2	 0.461444	-0.829696	 -1.71260	  0
  26	   3	   1	   2	  m 	  A2/A2	  M2/M2	 0.478265	-0.855946	 -1.17758	  0
  26	   4	   1	   2	  m 	  A2/A2	  M2/M2	 0.283912	-0.855946	 -1.36205	  0
  26	   5	   1	   2	  f 	  A2/A2	  M2/M2	 1.215617	-0.855946	 -1.39963	  0
  26	   6	  -1	  -1	  f 	  A2/A2	  M1/M2	 0.283912	-0.624814	 -1.10579	  0
  26	   7	   4	   6	  m 	  A2/A2	  M2/M2	-0.059037	 0.022930	 -0.65312	  0
  26	   8	   4	   6	  f 	  A2/A2	  M1/M2	-0.033188	 0.022930	 -1.62020	  0
  27	   1	  -1	  -1	  m 	  A1/A1	  M2/M2	 0.545943	 0.871310	  1.66557	  1
  27	   2	  -1	  -1	  f 	  A2/A2	  M2/M2	 0.545943	-0.186827	 -0.54333	  0
  27	   3	   1	   2	  m 	  A1/A2	  M2/M2	-0.578765	 2.421115	  0.18339	  0
  27	   4	   1	   2	  m 	  A1/A2	  M2/M2	-1.026911	 2.421115	  0.89585	  0
  27	   5	   1	   2	  f 	  A1/A2	  M2/M2	-0.935047	 2.421115	  0.84412	  0
  27	   6	  -1	  -1	  f 	  A2/A2	  M1/M2	-1.026911	-0.402279	 -0.62806	  1
  27	   7	   4	   6	  m 	  A2/A2	  M2/M2	 1.540179	-1.301954	 -0.44399	  1
  27	   8	   4	   6	  f 	  A1/A2	  M2/M2	-0.898503	-1.301954	 -0.10802	  0
  28	   1	  -1	  -1	  m 	  A1/A2	  M2/M2	-1.006122	-0.647133	 -0.10642	  0
  28	   2	  -1	  -1	  f 	  A1/A1	  M1/M2	-1.006122	 0.670269	  0.98483	  0
  28	   3	   1	   2	  m 	  A1/A1	  M1/M2	 1.409843	-0.284341	  0.38297	  0
  28	   4	   1	   2	  m 	  A1/A2	  M1/M2	-1.780167	-0.284341	 -1.26355	  0
  28	   5	   1	   2	  f 	  A1/A2	  M2/M2	-1.357533	-0.284341	 -1.36298	  0
  28	   6	  -1	  -1	  f 	  A2/A2	  M2/M2	-1.780167	 0.277518	 -1.83443	  0
  28	   7	   4	   6	  m 	  A1/A2	  M2/M2	-0.474707	-1.137982	 -0.91833	  0
  28	   8	   4	   6	  f 	  A2/A2	  M2/M2	-0.489350	-1.137982	 -2.31060	  0
  29	   1	  -1	  -1	  m 	  A2/A2	  M1/M2	-0.852202	 0.432876	 -0.73388	  0
  29	   2	  -1	  -1	  f 	  A2/A2	  M1/M2	-0.852202	 0.560276	 -1.35504	  0
  29	   3	   1	   2	  m 	  A2/A2	  M1/M2	 0.738618	-1.003832	 -0.54219	  0
  29	   4	   1	   2	  m 	  A2/A2	  M1/M2	-0.409156	-1.003832	 -1.82630	  0
  29	   5	   1	   2	  f 	  A2/A2	  M1/M2	 0.660738	-1.003832	 -1.02146	  0
  29	   6	  -1	  -1	  f 	  A2/A2	  M1/M2	-0.409156	 0.205660	 -1.32068	  0
  29	   7	   4	   6	  m 	  A2/A2	  M2/M2	-2.031119	 0.797125	 -1.94273	  0
  29	   8	   4	   6	  f 	  A2/A2	  M2/M2	 0.971713	 0.797125	 -1.70907	  0
  30	   1	  -1	  -1	  m 	  A1/A2	  M2/M2	-0.440802	-0.200661	 -0.17456	  0
  30	   2	  -1	  -1	  f 	  A2/A2	  M2/M2	-0.440802	-0.038609	  0.87052	  1
  30	   3	   1	   2	  m 	  A1/A2	  M2/M2	 1.672009	-0.055026	  0.38522	  0
  30	   4	   1	   2	  m 	  A1/A2	  M2/M2	 1.527799	-0.055026	  0.63032	  0
  30	   5	   1	   2	  f 	  A1/A2	  M2/M2	 0.638779	-0.055026	  0.41012	  1
  30	   6	  -1	  -1	  f 	  A1/A2	  M2/M2	 1.527799	 0.039176	  0.71385	  0
  30	   7	   4	   6	  m 	  A1/A2	  M2/M2	 0.120692	 0.273685	 -0.98840	  0
  30	   8	   4	   6	  f 	  A1/A2	  M2/M2	-1.150397	 0.273685	 -0.38727	  1
  31	   1	  -1	  -1	  m 	  A1/A2	  M1/M2	 0.120056	-0.146106	 -0.13947	  0
  31	   2	  -1	  -1	  f 	  A2/A2	  M1/M2	 0.120056	-0.480336	 -1.59457	  0
  31	   3	   1	   2	  m 	  A1/A2	  M2/M2	-0.346601	 0.697249	 -0.60538	  0
  31	   4	   1	   2	  m 	  A2/A2	  M1/M2	-1.362025	 0.697249	 -1.54304	  0
  31	   5	   1	   2	  f 	  A1/A2	  M1/M2	 1.411388	 0.697249	 -0.30842	  0
  31	   6	  -1	  -1	  f 	  A2/A2	  M1/M2	-1.362025	 1.489556	 -2.00051	  0
  31	   7	   4	   6	  m 	  A2/A2	  M1/M1	-0.749884	 1.550585	 -0.96698	  0
  31	   8	   4	   6	  f 	  A2/A2	  M1/M2	-0.616220	 1.550585	 -1.71704	  1
  32	   1	  -1	  -1	  m 	  A2/A2	  M2/M2	 1.029264	 1.049615	 -1.33469	  0
  32	   2	  -1	  -1	  f 	  A1/A2	  M2/M2	 1.029264	-1.626477	 -1.06155	  0
  32	   3	   1	   2	  m 	  A2/A2	  M2/M2	 0.260823	 0.334929	 -1.39758	  0
  32	   4	   1	   2	  m 	  A1/A2	  M2/M2	 0.462220	 0.334929	 -0.07095	  0
  32	   5	   1	   2	  f 	  A1/A2	  M2/M2	 1.306632	 0.334929	  0.03672	  0
  32	   6	  -1	  -1	  f 	  A1/A2	  M1/M2	 0.462220	-1.659044	  1.19700	  0
  32	   7	   4	   6	  m 	  A1/A1	  M1/M2	-0.579841	 0.094775	 -0.00340	  0
  32	   8	   4	   6	  f 	  A1/A2	  M1/M2	-0.367246	 0.094775	 -0.22269	  0
  33	   1	  -1	  -1	  m 	  A2/A2	  M2/M2	-1.292867	 0.394110	 -0.75055	  0
  33	   2	  -1	  -1	  f 	  A1/A2	  M2/M2	-1.292867	 0.929009	  0.08201	  0
  33	   3	   1	   2	  m 	  A2/A2	  M2/M2	 0.427401	-0.056768	 -0.04486	  0
  33	   4	   1	   2	  m 	  A1/A2	  M2/M2	-0.662337	-0.056768	 -0.01622	  0
  33	   5	   1	   2	  f 	  A1/A2	  M2/M2	-0.331590	-0.056768	  0.88836	  0
  33	   6	  -1	  -1	  f 	  A2/A2	  M2/M2	-0.662337	-0.016286	 -1.09544	  0
  33	   7	   4	   6	  m 	  A2/A2	  M2/M2	 0.635820	-0.529834	 -0.30244	  0
  33	   8	   4	   6	  f 	  A2/A2	  M2/M2	 0.416786	-0.529834	 -1.02113	  1
  34	   1	  -1	  -1	  m 	  A2/A2	  M2/M2	-0.626119	 1.391317	  0.07114	  0
  34	   2	  -1	  -1	  f 	  A1/A2	  M2/M2	-0.626119	-0.923951	  0.38930	  0
  34	   3	   1	   2	  m 	  A1/A2	  M2/M2	 0.725227	 1.319160	  1.39849	  0
  34	   4	   1	   2	  m 	  A1/A2	  M2/M2	 0.084888	 1.319160	  0.94477	  0
  34	   5	   1	   2	  f 	  A2/A2	  M2/M2	 0.060783	 1.319160	 -0.44327	  0
  34	   6	  -1	  -1	  f 	  A2/A2	  M2/M2	 0.084888	 0.675323	 -0.76442	  0
  34	   7	   4	   6	  m 	  A1/A2	  M2/M2	 0.193542	-0.524122	  0.66144	  1
  34	   8	   4	   6	  f 	  A2/A2	  M2/M2	-0.944470	-0.524122	 -0.63758	  0
  35	   1	  -1	  -1	  m 	  A1/A2	  M1/M2	-0.104099	 0.256891	 -0.14566	  0
  35	   2	  -1	  -1	  f 	  A1/A2	  M2/M2	-0.104099	 0.117866	  0.68042	  0
  35	   3	   1	   2	  m 	  A1/A2	  M1/M2	 0.308693	 1.201587	  0.27476	  0
  35	   4	   1	   2	  m 	  A2/A2	  M2/M2	 1.057458	 1.201587	 -0.92680	  1
  35	   5	   1	   2	  f 	  A1/A2	  M1/M2	 0.520833	 1.201587	  0.12647	  0
  35	   6	  -1	  -1	  f 	  A2/A2	  M1/M2	 1.057458	-1.501117	 -0.73185	  0
  35	   7	   4	   6	  m 	  A2/A2	  M1/M2	 0.694946	-0.234092	 -0.73685	  0
  35	   8	   4	   6	  f 	  A2/A2	  M1/M2	-0.764624	-0.234092	 -1.62328	  0
  36	   1	  -1	  -1	  m 	  A2/A2	  M1/M2	 0.461005	-0.607736	 -1.20477	  0
  36	   2	  -1	  -1	  f 	  A1/A1	  M2/M2	 0.461005	-0.395285	  0.40197	  0
  36	   3	   1	   2	  m 	  A1/A2	  M1/M2	-1.154391	-0.707384	 -1.61725	  0
  36	   4	   1	   2	  m 	  A1/A2	  M1/M2	 0.814824	-0.707384	  0.27318	  0
  36	   5	   1	   2	  f 	  A1/A2	  M1/M2	-0.028690	-0.707384	  0.17946	  0
  36	   6	  -1	  -1	  f 	  A2/A2	  M1/M2	 0.814824	 0.656211	  0.08655	  0
  36	   7	   4	   6	  m 	  A1/A2	  M1/M2	 0.180141	 0.269790	  0.30884	  0
  36	   8	   4	   6	  f 	  A2/A2	  M1/M2	 0.086752	 0.269790	 -0.78181	  0
  37	   1	  -1	  -1	  m 	  A2/A2	  M2/M2	 0.151674	-0.850194	 -2.04871	  0
  37	   2	  -1	  -1	  f 	  A2/A2	  M2/M2	 0.151674	-0.530899	 -1.08413	  0
  37	   3	   1	   2	  m 	  A2/A2	  M2/M2	-0.076501	-1.703602	 -1.56863	  0
  37	   4	   1	   2	  m 	  A2/A2	  M2/M2	-0.229107	-1.703602	 -1.09093	  0
  37	   5	   1	   2	  f 	  A2/A2	  M2/M2	 1.314740	-1.703602	  0.31057	  0
  37	   6	  -1	  -1	  f 	  A1/A2	  M2/M2	-0.229107	-0.221979	 -1.30122	  0
  37	   7	   4	   6	  m 	  A1/A2	  M2/M2	 1.608050	 0.961517	  1.51729	  1
  37	   8	   4	   6	  f 	  A1/A2	  M2/M2	-0.638870	 0.961517	  0.60304	  0
  38	   1	  -1	  -1	  m 	  A2/A2	  M2/M2	-1.091051	 0.566300	 -1.48202	  0
  38	   2	  -1	  -1	  f 	  A1/A2	  M1/M1	-1.091051	 0.442594	 -0.85109	  0
  38	   3	   1	   2	  m 	  A2/A2	  M1/M2	 1.366572	 0.161100	 -0.54440	  0
  38	   4	   1	   2	  m 	  A2/A2	  M1/M2	-0.258566	 0.161100	 -1.22578	  0
  38	   5	   1	   2	  f 	  A2/A2	  M1/M2	-0.606545	 0.161100	 -0.66572	  0
  38	   6	  -1	  -1	  f 	  A1/A2	  M2/M2	-0.258566	-0.742551	 -0.52484	  0
  38	   7	   4	   6	  m 	  A1/A2	  M1/M2	 0.339892	 0.268502	 -0.46754	  0
  38	   8	   4	   6	  f 	  A2/A2	  M2/M2	-0.863761	 0.268502	 -0.78764	  0
  39	   1	  -1	  -1	  m 	  A2/A2	  M2/M2	 0.145282	 1.807605	 -0.14708	  1
  39	   2	  -1	  -1	  f 	  A2/A2	  M2/M2	 0.145282	 0.810334	 -0.82199	  0
  39	   3	   1	   2	  m 	  A2/A2	  M2/M2	-0.308763	-0.616790	 -0.59391	  0
  39	   4	   1	   2	  m 	  A2/A2	  M2/M2	-0.450389	-0.616790	 -0.51152	  0
  39	   5	   1	   2	  f 	  A2/A2	  M2/M2	-0.259641	-0.616790	 -0.42283	  0
  39	   6	  -1	  -1	  f 	  A1/A1	  M2/M2	-0.450389	 0.652734	  1.75939	  0
  39	   7	   4	   6	  m 	  A1/A2	  M2/M2	 0.220187	 1.281603	  1.40944	  1
  39	   8	   4	   6	  f 	  A1/A2	  M2/M2	 0.986972	 1.281603	  0.75641	  1
  40	   1	  -1	  -1	  m 	  A1/A2	  M1/M2	-0.608101	 0.377385	  0.15924	  0
  40	   2	  -1	  -1	  f 	  A2/A2	  M1/M2	-0.608101	 0.221440	 -0.08542	  1
  40	   3	   1	   2	  m 	  A1/A2	  M1/M1	-0.005638	-1.487267	 -0.63963	  0
  40	   4	   1	   2	  m 	  A2/A2	  M2/M2	 0.845476	-1.487267	 -1.21827	  0
  40	   5	   1	   2	  f 	  A2/A2	  M1/M2	 0.151611	-1.487267	 -1.96657	  0
  40	   6	  -1	  -1	  f 	  A2/A2	  M2/M2	 0.845476	 0.156671	  0.12794	  1
  40	   7	   4	   6	  m 	  A2/A2	  M2/M2	 1.795201	 0.584302	  0.84097	  0
  40	   8	   4	   6	  f 	  A2/A2	  M2/M2	 0.195639	 0.584302	 -0.61202	  0
  41	   1	  -1	  -1	  m 	  A1/A2	  M1/M2	-1.377225	-1.808699	 -1.05108	  0
  41	   2	  -1	  -1	  f 	  A2/A2	  M2/M2	-1.377225	 1.877564	 -0.33467	  0
  41	   3	   1	   2	  m 	  A1/A2	  M2/M2	-0.043398	 1.493190	  0.94985	  0
  41	   4	   1	   2	  m 	  A1/A2	  M2/M2	-2.395468	 1.493190	  0.35197	  0
  41	   5	   1	   2	  f 	  A1/A2	  M1/M2	-0.089104	 1.493190	  1.18964	  1
  41	   6	  -1	  -1	  f 	  A2/A2	  M1/M2	-2.395468	-0.092808	 -1.92098	  0
  41	   7	   4	   6	  m 	  A2/A2	  M2/M2	 0.746006	 0.695387	  0.22699	  0
  41	   8	   4	   6	  f 	  A1/A2	  M2/M2	 0.948204	 0.695387	  0.85908	  1
  42	   1	  -1	  -1	  m 	  A2/A2	  M2/M2	-1.326299	-0.179651	 -0.62172	  0
  42	   2	  -1	  -1	  f 	  A1/A2	  M1/M2	-1.326299	-0.576461	 -0.31443	  0
  42	   3	   1	   2	  m 	  A1/A2	  M2/M2	-0.813176	-0.835140	  0.54280	  0
  42	   4	   1	   2	  m 	  A2/A2	  M2/M2	-1.345404	-0.835140	 -1.52221	  0
  42	   5	   1	   2	  f 	  A2/A2	  M2/M2	 1.473288	-0.835140	 -1.38884	  1
  42	   6	  -1	  -1	  f 	  A2/A2	  M2/M2	-1.345404	 0.317979	 -1.85241	  0
  42	   7	   4	   6	  m 	  A2/A2	  M2/M2	-1.550242	-0.818055	 -0.02808	  0
  42	   8	   4	   6	  f 	  A2/A2	  M2/M2	-0.025769	-0.818055	 -1.43848	  0
  43	   1	  -1	  -1	  m 	  A2/A2	  M2/M2	 1.350574	-1.210150	 -0.74306	  0
  43	   2	  -1	  -1	  f 	  A2/A2	  M2/M2	 1.350574	 0.767007	  0.54739	  0
  43	   3	   1	   2	  m 	  A2/A2	  M2/M2	 0.469270	 0.378098	 -0.47107	  0
  43	   4	   1	   2	  m 	  A2/A2	  M2/M2	 0.407837	 0.378098	 -0.41384	  0
  43	   5	   1	   2	  f 	  A2/A2	  M2/M2	 1.921677	 0.378098	 -0.17043	  0
  43	   6	  -1	  -1	  f 	  A2/A2	  M1/M2	 0.407837	-0.593385	 -1.48865	  0
  43	   7	   4	   6	  m 	  A2/A2	  M1/M2	-0.629381	 1.309326	 -0.90807	  0
  43	   8	   4	   6	  f 	  A2/A2	  M1/M2	 0.217570	 1.309326	  0.91099	  0
  44	   1	  -1	  -1	  m 	  A2/A2	  M1/M2	 0.217469	 0.435986	 -1.22544	  0
  44	   2	  -1	  -1	  f 	  A2/A2	  M1/M2	 0.217469	-0.852371	 -1.53105	  0
  44	   3	   1	   2	  m 	  A2/A2	  M1/M2	-0.397008	-0.161221	 -0.50746	  0
  44	   4	   1	   2	  m 	  A2/A2	  M1/M2	 1.039617	-0.161221	 -0.88435	  0
  44	   5	   1	   2	  f 	  A2/A2	  M2/M2	 0.563655	-0.161221	  0.39142	  0
  44	   6	  -1	  -1	  f 	  A2/A2	  M2/M2	 1.039617	-2.315308	 -0.15220	  0
  44	   7	   4	   6	  m 	  A2/A2	  M1/M2	 1.838406	-1.545600	 -0.95182	  0
  44	   8	   4	   6	  f 	  A2/A2	  M1/M2	 0.358676	-1.545600	 -1.13850	  0
  45	   1	  -1	  -1	  m 	  A2/A2	  M2/M2	-1.521558	 0.296939	 -1.13119	  0
  45	   2	  -1	  -1	  f 	  A2/A2	  M2/M2	-1.521558	 1.457300	 -0.55237	  0
  45	   3	   1	   2	  m 	  A2/A2	  M2/M2	-0.245250	 0.009274	 -1.42389	  0
  45	   4	   1	   2	  m 	  A2/A2	  M2/M2	-1.280244	 0.009274	 -1.38937	  0
  45	   5	   1	   2	  f 	  A2/A2	  M2/M2	-1.168273	 0.009274	 -1.47474	  0
  45	   6	  -1	  -1	  f 	  A2/A2	  M1/M2	-1.280244	-0.969363	 -2.68702	  0
  45	   7	   4	   6	  m 	  A2/A2	  M2/M2	-0.394096	-0.871585	 -0.81896	  0
  45	   8	   4	   6	  f 	  A2/A2	  M1/M2	 1.765712	-0.871585	 -0.96305	  0
  46	   1	  -1	  -1	  m 	  A1/A2	  M2/M2	 0.561164	 0.612643	 -0.06781	  1
  46	   2	  -1	  -1	  f 	  A2/A2	  M2/M2	 0.561164	 0.937701	 -0.11097	  0
  46	   3	   1	   2	  m 	  A2/A2	  M2/M2	-0.816053	 0.286148	 -0.62601	  0
  46	   4	   1	   2	  m 	  A2/A2	  M2/M2	-0.160759	 0.286148	 -0.21141	  0
  46	   5	   1	   2	  f 	  A1/A2	  M2/M2	 0.448397	 0.286148	 -0.13220	  0
  46	   6	  -1	  -1	  f 	  A1/A1	  M2/M2	-0.160759	-1.197976	  0.62907	  0
  46	   7	   4	   6	  m 	  A1/A2	  M2/M2	-1.773436	-0.427138	  0.22720	  0
  46	   8	   4	   6	  f 	  A1/A2	  M2/M2	 0.343422	-0.427138	  0.33543	  0
  47	   1	  -1	  -1	  m 	  A2/A2	  M2/M2	-1.813872	-0.212977	 -0.82062	  0
  47	   2	  -1	  -1	  f 	  A2/A2	  M2/M2	-1.813872	-1.504313	 -1.34822	  0
  47	   3	   1	   2	  m 	  A2/A2	  M2/M2	-0.543818	 0.505123	 -0.00605	  0
  47	   4	   1	   2	  m 	  A2/A2	  M2/M2	-0.727647	 0.505123	 -0.30544	  0
  47	   5	   1	   2	  f 	  A2/A2	  M2/M2	 1.014108	 0.505123	  0.26232	  1
  47	   6	  -1	  -1	  f 	  A2/A2	  M2/M2	-0.727647	-0.070970	 -0.20088	  0
  47	   7	   4	   6	  m 	  A2/A2	  M2/M2	-0.211714	 1.007803	 -0.47627	  1
  47	   8	   4	   6	  f 	  A2/A2	  M2/M2	-0.116728	 1.007803	 -0.53895	  0
  48	   1	  -1	  -1	  m 	  A2/A2	  M1/M2	 0.823661	 0.709950	  0.41227	  0
  48	   2	  -1	  -1	  f 	  A1/A2	  M1/M2	 0.823661	-0.281967	  0.54297	  0
  48	   3	   1	   2	  m 	  A1/A2	  M2/M2	-0.202700	-1.528929	 -0.14147	  0
  48	   4	   1	   2	  m 	  A1/A2	  M1/M1	 0.066777	-1.528929	 -1.18901	  0
  48	   5	   1	   2	  f 	  A1/A2	  M1/M2	 1.483890	-1.528929	  0.15174	  0
  48	   6	  -1	  -1	  f 	  A1/A2	  M2/M2	 0.066777	-1.718235	 -0.54254	  0
  48	   7	   4	   6	  m 	  A1/A2	  M1/M2	 0.281569	 1.857208	  0.98052	  0
  48	   8	   4	   6	  f 	  A2/A2	  M1/M2	 0.864701	 1.857208	 -0.33242	  0
  49	   1	  -1	  -1	  m 	  A2/A2	  M1/M2	-0.096033	-0.576254	 -1.09742	  0
  49	   2	  -1	  -1	  f 	  A2/A2	  M2/M2	-0.096033	-1.123565	 -0.78351	  0
  49	   3	   1	   2	  m 	  A2/A2	  M1/M2	-0.645999	-1.138651	 -1.06960	  0
  49	   4	   1	   2	  m 	  A2/A2	  M2/M2	-0.577512	-1.138651	 -2.32250	  0
  49	   5	   1	   2	  f 	  A2/A2	  M1/M2	-0.746720	-1.138651	 -0.60581	  0
  49	   6	  -1	  -1	  f 	  A1/A2	  M2/M2	-0.577512	 0.662977	  0.18122	  0
  49	   7	   4	   6	  m 	  A2/A2	  M2/M2	 0.023290	-2.551646	 -1.30218	  0
  49	   8	   4	   6	  f 	  A2/A2	  M2/M2	-0.043935	-2.551646	 -1.25037	  0
  50	   1	  -1	  -1	  m 	  A2/A2	  M2/M2	-0.643298	 1.120184	 -1.29119	  0
  50	   2	  -1	  -1	  f 	  A2/A2	  M2/M2	-0.643298	 0.140756	 -0.45953	  0
  50	   3	   1	   2	  m 	  A2/A2	  M2/M2	-1.064518	-0.276435	 -1.07455	  0
  50	   4	   1	   2	  m 	  A2/A2	  M2/M2	-0.022620	-0.276435	 -2.33037	  0
  50	   5	   1	   2	  f 	  A2/A2	  M2/M2	-0.788352	-0.276435	 -1.61153	  0
  50	   6	  -1	  -1	  f 	  A1/A2	  M2/M2	-0.022620	-0.389663	  0.14664	  0
  50	   7	   4	   6	  m 	  A2/A2	  M2/M2	 0.100924	-0.015967	 -0.57860	  0
  50	   8	   4	   6	  f 	  A2/A2	  M2/M2	-1.012093	-0.015967	 -1.88642	  0
  51	   1	  -1	  -1	  m 	  A2/A2	  M2/M2	-0.688266	 1.560963	 -1.05250	  0
  51	   2	  -1	  -1	  f 	  A2/A2	  M2/M2	-0.688266	-1.123667	 -1.39515	  0
  51	   3	   1	   2	  m 	  A2/A2	  M2/M2	-0.856953	 1.276132	  0.08943	  1
  51	   4	   1	   2	  m 	  A2/A2	  M2/M2	-2.031081	 1.276132	 -1.40497	  0
  51	   5	   1	   2	  f 	  A2/A2	  M2/M2	 0.803571	 1.276132	 -0.86876	  0
  51	   6	  -1	  -1	  f 	  A1/A2	  M1/M2	-2.031081	-1.135287	 -1.02565	  0
  51	   7	   4	   6	  m 	  A2/A2	  M1/M2	 0.461672	-1.052994	 -0.38475	  0
  51	   8	   4	   6	  f 	  A2/A2	  M2/M2	 0.276315	-1.052994	 -1.11435	  0
  52	   1	  -1	  -1	  m 	  A2/A2	  M2/M2	 0.017736	 0.619582	 -0.68156	  0
  52	   2	  -1	  -1	  f 	  A2/A2	  M2/M2	 0.017736	-2.654035	 -1.91566	  0
  52	   3	   1	   2	  m 	  A2/A2	  M2/M2	-1.142949	-0.782667	 -1.42543	  0
  52	   4	   1	   2	  m 	  A2/A2	  M2/M2	 0.261765	-0.782667	 -0.13469	  0
  52	   5	   1	   2	  f 	  A2/A2	  M2/M2	 0.512330	-0.782667	 -0.72476	  0
  52	   6	  -1	  -1	  f 	  A1/A1	  M2/M2	 0.261765	 1.850584	  1.49618	  0
  52	   7	   4	   6	  m 	  A1/A2	  M2/M2	 0.260494	-0.636088	 -1.51373	  0
  52	   8	   4	   6	  f 	  A1/A2	  M2/M2	 0.307196	-0.636088	  0.79934	  0
  53	   1	  -1	  -1	  m 	  A1/A2	  M1/M2	 0.745860	-0.075977	  0.43689	  1
  53	   2	  -1	  -1	  f 	  A2/A2	  M2/M2	 0.745860	-0.590925	 -1.04481	  0
  53	   3	   1	   2	  m 	  A2/A2	  M2/M2	 0.382844	-0.191471	 -0.97819	  0
  53	   4	   1	   2	  m 	  A1/A2	  M1/M2	-1.785161	-0.191471	 -0.38919	  0
  53	   5	   1	   2	  f 	  A2/A2	  M1/M2	 0.336062	-0.191471	 -0.44002	  0
  53	   6	  -1	  -1	  f 	  A1/A2	  M2/M2	-1.785161	 0.872407	 -1.04549	  0
  53	   7	   4	   6	  m 	  A1/A1	  M2/M2	 0.907403	-0.619347	  0.55186	  0
  53	   8	   4	   6	  f 	  A1/A1	  M2/M2	-1.736789	-0.619347	 -0.20458	  0
  54	   1	  -1	  -1	  m 	  A2/A2	  M2/M2	-0.731736	-0.777149	 -0.79029	  0
  54	   2	  -1	  -1	  f 	  A1/A1	  M2/M2	-0.731736	-0.299671	  0.33315	  0
  54	   3	   1	   2	  m 	  A1/A2	  M2/M2	-0.033528	-1.195728	  0.71526	  0
  54	   4	   1	   2	  m 	  A1/A2	  M2/M2	-1.356529	-1.195728	 -0.68521	  0
  54	   5	   1	   2	  f 	  A1/A2	  M2/M2	 0.100521	-1.195728	 -0.16867	  0
  54	   6	  -1	  -1	  f 	  A1/A2	  M1/M2	-1.356529	-0.273657	 -0.39581	  0
  54	   7	   4	   6	  m 	  A1/A2	  M1/M2	 1.763422	 0.230490	  0.59904	  0
  54	   8	   4	   6	  f 	  A1/A1	  M2/M2	-1.845114	 0.230490	  1.07859	  0
  55	   1	  -1	  -1	  m 	  A2/A2	  M1/M2	 0.512993	-0.563229	 -1.40691	  0
  55	   2	  -1	  -1	  f 	  A2/A2	  M2/M2	 0.512993	 0.425517	 -1.48285	  0
  55	   3	   1	   2	  m 	  A2/A2	  M1/M2	-0.590602	 0.638215	 -1.96139	  0
  55	   4	   1	   2	  m 	  A2/A2	  M2/M2	 0.637765	 0.638215	 -0.81307	  0
  55	   5	   1	   2	  f 	  A2/A2	  M2/M2	 0.122562	 0.638215	 -0.39427	  0
  55	   6	  -1	  -1	  f 	  A1/A2	  M2/M2	 0.637765	-0.540642	  0.74097	  0
  55	   7	   4	   6	  m 	  A1/A2	  M2/M2	-1.367273	 0.677497	 -0.21329	  0
  55	   8	   4	   6	  f 	  A2/A2	  M2/M2	 0.436314	 0.677497	 -0.76024	  0
  56	   1	  -1	  -1	  m 	  A2/A2	  M2/M2	 1.009684	-1.189061	 -1.29918	  0
  56	   2	  -1	  -1	  f 	  A1/A2	  M2/M2	 1.009684	 1.779606	  0.57625	  0
  56	   3	   1	   2	  m 	  A1/A2	  M2/M2	 0.471092	 1.238366	 -0.31251	  0
  56	   4	   1	   2	  m 	  A1/A2	  M2/M2	 0.452981	 1.238366	  0.75833	  0
  56	   5	   1	   2	  f 	  A2/A2	  M2/M2	-0.853166	 1.238366	 -0.84539	  0
  56	   6	  -1	  -1	  f 	  A2/A2	  M1/M2	 0.452981	-1.464320	 -1.31178	  0
  56	   7	   4	   6	  m 	  A2/A2	  M2/M2	-1.387474	-1.065430	 -1.76393	  0
  56	   8	   4	   6	  f 	  A2/A2	  M1/M2	-2.127379	-1.065430	 -1.64771	  0
  57	   1	  -1	  -1	  m 	  A2/A2	  M1/M2	 0.177852	 0.416637	 -1.60425	  0
  57	   2	  -1	  -1	  f 	  A2/A2	  M1/M2	 0.177852	-1.096163	 -1.06852	  0
  57	   3	   1	   2	  m 	  A2/A2	  M1/M1	-0.398506	-1.431570	 -1.28114	  0
  57	   4	   1	   2	  m 	  A2/A2	  M1/M2	 1.361572	-1.431570	 -0.16579	  0
  57	   5	   1	   2	  f 	  A2/A2	  M1/M2	 1.176181	-1.431570	 -1.04002	  0
  57	   6	  -1	  -1	  f 	  A2/A2	  M2/M2	 1.361572	-0.280722	 -0.72536	  0
  57	   7	   4	   6	  m 	  A2/A2	  M1/M2	 3.001995	-1.122742	  0.06231	  0
  57	   8	   4	   6	  f 	  A2/A2	  M2/M2	-1.572705	-1.122742	 -0.56450	  0
  58	   1	  -1	  -1	  m 	  A1/A2	  M2/M2	-1.446591	-0.455985	  0.15334	  0
  58	   2	  -1	  -1	  f 	  A2/A2	  M2/M2	-1.446591	-1.302316	 -1.99556	  0
  58	   3	   1	   2	  m 	  A2/A2	  M2/M2	-0.301147	-0.898964	 -1.44818	  0
  58	   4	   1	   2	  m 	  A2/A2	  M2/M2	 2.762377	-0.898964	 -0.68870	  0
  58	   5	   1	   2	  f 	  A1/A2	  M2/M2	-0.942379	-0.898964	 -0.42085	  0
  58	   6	  -1	  -1	  f 	  A2/A2	  M1/M2	 2.762377	-0.810037	  0.27872	  0
  58	   7	   4	   6	  m 	  A2/A2	  M1/M2	 0.065023	-0.816809	 -1.47527	  0
  58	   8	   4	   6	  f 	  A2/A2	  M1/M2	-1.135429	-0.816809	 -2.08150	  0
  59	   1	  -1	  -1	  m 	  A1/A1	  M1/M2	-0.643405	 0.638346	  1.69814	  0
  59	   2	  -1	  -1	  f 	  A2/A2	  M2/M2	-0.643405	 0.528273	 -1.89042	  0
  59	   3	   1	   2	  m 	  A1/A2	  M2/M2	 0.758365	 0.530539	 -0.95529	  0
  59	   4	   1	   2	  m 	  A1/A2	  M2/M2	-0.961645	 0.530539	 -0.19450	  0
  59	   5	   1	   2	  f 	  A1/A2	  M1/M2	 0.121764	 0.530539	 -0.29373	  0
  59	   6	  -1	  -1	  f 	  A1/A2	  M2/M2	-0.961645	 0.938839	  0.45183	  0
  59	   7	   4	   6	  m 	  A1/A2	  M2/M2	 0.405939	 0.037978	  0.53681	  1
  59	   8	   4	   6	  f 	  A1/A2	  M2/M2	 0.046061	 0.037978	  1.59151	  0
  60	   1	  -1	  -1	  m 	  A1/A1	  M1/M2	 1.283527	 1.221533	  1.70108	  0
  60	   2	  -1	  -1	  f 	  A2/A2	  M2/M2	 1.283527	 0.523226	 -1.12218	  1
  60	   3	   1	   2	  m 	  A1/A2	  M2/M2	-0.655904	 0.021283	 -0.41241	  0
  60	   4	   1	   2	  m 	  A1/A2	  M1/M2	 0.357691	 0.021283	  0.13775	  0
  60	   5	   1	   2	  f 	  A1/A2	  M2/M2	-0.357278	 0.021283	  0.27811	  0
  60	   6	  -1	  -1	  f 	  A1/A2	  M1/M2	 0.357691	-0.063802	 -0.05513	  0
  60	   7	   4	   6	  m 	  A2/A2	  M2/M2	 1.852100	 0.298436	 -1.24611	  0
  60	   8	   4	   6	  f 	  A1/A1	  M1/M2	 0.343008	 0.298436	  1.35472	  1
  61	   1	  -1	  -1	  m 	  A2/A2	  M2/M2	-0.880031	-2.456284	 -1.43923	  0
  61	   2	  -1	  -1	  f 	  A2/A2	  M2/M2	-0.880031	 0.022444	 -0.49377	  0
  61	   3	   1	   2	  m 	  A2/A2	  M2/M2	-0.806875	-0.112173	 -0.92259	  0
  61	   4	   1	   2	  m 	  A2/A2	  M2/M2	 0.072395	-0.112173	 -2.22030	  0
  61	   5	   1	   2	  f 	  A2/A2	  M2/M2	 0.519306	-0.112173	 -0.53214	  0
  61	   6	  -1	  -1	  f 	  A1/A2	  M2/M2	 0.072395	 0.190360	 -0.40239	  0
  61	   7	   4	   6	  m 	  A2/A2	  M2/M2	-0.826669	-0.757667	 -1.08876	  0
  61	   8	   4	   6	  f 	  A1/A2	  M2/M2	-1.414769	-0.757667	  0.17344	  0
  62	   1	  -1	  -1	  m 	  A2/A2	  M2/M2	 0.471276	 0.500803	  0.77490	  0
  62	   2	  -1	  -1	  f 	  A1/A2	  M1/M2	 0.471276	 0.448355	  0.31641	  0
  62	   3	   1	   2	  m 	  A1/A2	  M1/M2	-0.970602	 0.052305	 -0.14111	  0
  62	   4	   1	   2	  m 	  A1/A2	  M1/M2	-0.023175	 0.052305	  0.51369	  0
  62	   5	   1	   2	  f 	  A1/A2	  M2/M2	-1.227238	 0.052305	 -0.94640	  0
  62	   6	  -1	  -1	  f 	  A1/A2	  M1/M2	-0.023175	-1.203453	 -0.72339	  0
  62	   7	   4	   6	  m 	  A1/A2	  M1/M2	-2.017153	 1.167211	  0.07743	  1
  62	   8	   4	   6	  f 	  A1/A1	  M2/M2	-0.738431	 1.167211	  0.20879	  0
  63	   1	  -1	  -1	  m 	  A2/A2	  M2/M2	 1.559153	-0.659325	 -0.81747	  0
  63	   2	  -1	  -1	  f 	  A1/A2	  M2/M2	 1.559153	 1.663478	  0.60810	  0
  63	   3	   1	   2	  m 	  A2/A2	  M2/M2	 1.479245	 0.044760	 -0.39588	  0
  63	   4	   1	   2	  m 	  A2/A2	  M2/M2	 1.216658	 0.044760	  0.05121	  0
  63	   5	   1	   2	  f 	  A1/A2	  M2/M2	 0.801967	 0.044760	 -0.40473	  0
  63	   6	  -1	  -1	  f 	  A2/A2	  M1/M2	 1.216658	 0.269676	 -1.08596	  0
  63	   7	   4	   6	  m 	  A2/A2	  M2/M2	-0.497667	-0.334318	  0.41332	  0
  63	   8	   4	   6	  f 	  A2/A2	  M2/M2	-0.362133	-0.334318	 -1.39943	  0
  64	   1	  -1	  -1	  m 	  A1/A2	  M1/M2	-1.097251	 0.531103	  0.54757	  0
  64	   2	  -1	  -1	  f 	  A2/A2	  M2/M2	-1.097251	 1.574443	 -0.89067	  0
  64	   3	   1	   2	  m 	  A1/A2	  M1/M2	 0.138753	 0.491705	  0.01332	  0
  64	   4	   1	   2	  m 	  A1/A2	  M2/M2	 0.645063	 0.491705	  0.29396	  0
  64	   5	   1	   2	  f 	  A2/A2	  M1/M2	-1.384187	 0.491705	 -1.17010	  0
  64	   6	  -1	  -1	  f 	  A2/A2	  M2/M2	 0.645063	-0.967932	 -0.64841	  0
  64	   7	   4	   6	  m 	  A2/A2	  M2/M2	-0.213659	-0.102002	 -0.24522	  0
  64	   8	   4	   6	  f 	  A1/A2	  M2/M2	-2.549821	-0.102002	  0.31171	  0
  65	   1	  -1	  -1	  m 	  A2/A2	  M2/M2	 1.199605	-0.974498	 -1.19318	  0
  65	   2	  -1	  -1	  f 	  A2/A2	  M1/M2	 1.199605	 0.049636	  0.53044	  0
  65	   3	   1	   2	  m 	  A2/A2	  M2/M2	-0.272683	 1.138921	 -0.75612	  0
  65	   4	   1	   2	  m 	  A2/A2	  M2/M2	 1.248361	 1.138921	 -0.98162	  0
  65	   5	   1	   2	  f 	  A2/A2	  M2/M2	-0.664398	 1.138921	 -1.33290	  0
  65	   6	  -1	  -1	  f 	  A1/A2	  M2/M2	 1.248361	 0.355836	  0.12970	  0
  65	   7	   4	   6	  m 	  A2/A2	  M2/M2	-1.945072	 0.657361	 -1.04983	  0
  65	   8	   4	   6	  f 	  A2/A2	  M2/M2	 0.274913	 0.657361	 -1.02408	  0
  66	   1	  -1	  -1	  m 	  A2/A2	  M1/M2	 1.269831	-0.857091	 -0.84379	  0
  66	   2	  -1	  -1	  f 	  A1/A2	  M2/M2	 1.269831	-0.201047	 -0.39185	  1
  66	   3	   1	   2	  m 	  A2/A2	  M1/M2	-0.265573	 0.475967	 -0.59327	  0
  66	   4	   1	   2	  m 	  A2/A2	  M1/M2	-1.245027	 0.475967	 -0.81615	  0
  66	   5	   1	   2	  f 	  A2/A2	  M2/M2	-0.498207	 0.475967	 -1.19608	  0
  66	   6	  -1	  -1	  f 	  A2/A2	  M2/M2	-1.245027	-0.353966	 -1.35306	  0
  66	   7	   4	   6	  m 	  A2/A2	  M2/M2	-0.505302	-0.842133	 -0.75629	  0
  66	   8	   4	   6	  f 	  A2/A2	  M2/M2	-0.827090	-0.842133	 -1.41580	  0
  67	   1	  -1	  -1	  m 	  A1/A2	  M1/M2	-0.889565	-0.225632	 -0.00687	  0
  67	   2	  -1	  -1	  f 	  A2/A2	  M2/M2	-0.889565	-1.009729	 -0.67958	  0
  67	   3	   1	   2	  m 	  A2/A2	  M2/M2	-0.546850	-0.009809	 -1.34704	  0
  67	   4	   1	   2	  m 	  A2/A2	  M2/M2	-0.577818	-0.009809	 -0.79530	  0
  67	   5	   1	   2	  f 	  A2/A2	  M2/M2	-0.219304	-0.009809	 -2.21317	  0
  67	   6	  -1	  -1	  f 	  A2/A2	  M2/M2	-0.577818	 1.069536	 -0.56725	  0
  67	   7	   4	   6	  m 	  A2/A2	  M2/M2	 0.627951	 0.126946	 -0.77710	  0
  67	   8	   4	   6	  f 	  A2/A2	  M2/M2	 0.621425	 0.126946	 -0.53168	  0
  68	   1	  -1	  -1	  m 	  A2/A2	  M2/M2	-1.668742	 0.630670	 -2.23536	  0
  68	   2	  -1	  -1	  f 	  A2/A2	  M2/M2	-1.668742	-1.439644	 -0.61467	  0
  68	   3	   1	   2	  m 	  A2/A2	  M2/M2	-0.869387	-1.261348	 -1.47142	  0
  68	   4	   1	   2	  m 	  A2/A2	  M2/M2	 1.322992	-1.261348	 -1.04117	  0
  68	   5	   1	   2	  f 	  A2/A2	  M2/M2	-0.690029	-1.261348	 -1.59912	  0
  68	   6	  -1	  -1	  f 	  A1/A2	  M1/M2	 1.322992	-0.707688	 -0.16890	  0
  68	   7	   4	   6	  m 	  A2/A2	  M2/M2	-0.207099	 0.316348	 -1.45804	  0
  68	   8	   4	   6	  f 	  A1/A2	  M1/M2	 1.142965	 0.316348	  1.21627	  0
  69	   1	  -1	  -1	  m 	  A2/A2	  M1/M2	 1.660936	 1.644243	 -0.76330	  1
  69	   2	  -1	  -1	  f 	  A1/A2	  M1/M2	 1.660936	 0.478341	  1.04290	  0
  69	   3	   1	   2	  m 	  A2/A2	  M1/M1	-0.811685	-1.589728	 -1.19754	  0
  69	   4	   1	   2	  m 	  A2/A2	  M1/M2	 1.338893	-1.589728	 -0.53910	  0
  69	   5	   1	   2	  f 	  A2/A2	  M1/M1	 0.944506	-1.589728	 -0.42630	  0
  69	   6	  -1	  -1	  f 	  A1/A2	  M1/M2	 1.338893	 0.461568	 -0.05656	  1
  69	   7	   4	   6	  m 	  A1/A2	  M2/M2	 1.301787	-1.023312	  0.34229	  0
  69	   8	   4	   6	  f 	  A1/A2	  M2/M2	-0.941883	-1.023312	  0.25224	  0
  70	   1	  -1	  -1	  m 	  A2/A2	  M2/M2	 0.629640	-0.100873	 -2.02102	  0
  70	   2	  -1	  -1	  f 	  A2/A2	  M1/M2	 0.629640	-0.184389	 -1.70666	  0
  70	   3	   1	   2	  m 	  A2/A2	  M2/M2	 0.623985	-0.320985	 -1.06179	  0
  70	   4	   1	   2	  m 	  A2/A2	  M2/M2	-1.265039	-0.320985	 -1.75427	  0
  70	   5	   1	   2	  f 	  A2/A2	  M1/M2	-0.283067	-0.320985	 -1.46990	  0
  70	   6	  -1	  -1	  f 	  A2/A2	  M1/M2	-1.265039	 1.204384	 -0.79297	  0
  70	   7	   4	   6	  m 	  A2/A2	  M2/M2	-0.628442	-0.166065	 -1.16588	  0
  70	   8	   4	   6	  f 	  A2/A2	  M1/M2	-0.066970	-0.166065	 -0.44703	  0
  71	   1	  -1	  -1	  m 	  A2/A2	  M1/M2	-1.318997	-0.159656	 -1.56547	  0
  71	   2	  -1	  -1	  f 	  A1/A2	  M2/M2	-1.318997	-0.868249	 -0.21277	  0
  71	   3	   1	   2	  m 	  A1/A2	  M1/M2	 1.024186	-0.458608	 -0.88384	  0
  71	   4	   1	   2	  m 	  A1/A2	  M1/M2	 0.724480	-0.458608	  0.80171	  0
  71	   5	   1	   2	  f 	  A2/A2	  M1/M2	 0.996654	-0.458608	 -0.37533	  1
  71	   6	  -1	  -1	  f 	  A1/A1	  M1/M2	 0.724480	 0.388500	  0.67743	  1
  71	   7	   4	   6	  m 	  A1/A2	  M1/M2	 0.221449	-0.331274	  0.12325	  1
  71	   8	   4	   6	  f 	  A1/A2	  M1/M2	 0.578578	-0.331274	 -0.09335	  0
  72	   1	  -1	  -1	  m 	  A1/A2	  M2/M2	 0.298634	 0.799279	 -0.40853	  0
  72	   2	  -1	  -1	  f 	  A1/A2	  M2/M2	 0.298634	-1.711921	 -0.43951	  0
  72	   3	   1	   2	  m 	  A2/A2	  M2/M2	 1.328321	 0.843602	 -0.90775	  0
  72	   4	   1	   2	  m 	  A2/A2	  M2/M2	-1.696947	 0.843602	 -1.98267	  0
  72	   5	   1	   2	  f 	  A1/A2	  M2/M2	-0.911227	 0.843602	 -0.42293	  1
  72	   6	  -1	  -1	  f 	  A2/A2	  M1/M2	-1.696947	-0.157808	 -0.71546	  0
  72	   7	   4	   6	  m 	  A2/A2	  M1/M2	 0.832667	-0.506952	 -1.17044	  0
  72	   8	   4	   6	  f 	  A2/A2	  M2/M2	-0.338424	-0.506952	 -1.40029	  0
  73	   1	  -1	  -1	  m 	  A1/A2	  M2/M2	-0.508200	 1.691418	 -0.21436	  0
  73	   2	  -1	  -1	  f 	  A2/A2	  M2/M2	-0.508200	 0.640673	 -1.27953	  0
  73	   3	   1	   2	  m 	  A1/A2	  M2/M2	 1.523057	-0.217828	  2.11388	  0
  73	   4	   1	   2	  m 	  A2/A2	  M2/M2	 0.400387	-0.217828	 -0.42814	  0
  73	   5	   1	   2	  f 	  A2/A2	  M2/M2	-0.700260	-0.217828	 -1.74545	  0
  73	   6	  -1	  -1	  f 	  A1/A2	  M1/M2	 0.400387	-0.466238	 -0.41534	  0
  73	   7	   4	   6	  m 	  A2/A2	  M2/M2	 0.936813	-0.917181	 -1.06429	  0
  73	   8	   4	   6	  f 	  A1/A2	  M2/M2	 0.623438	-0.917181	 -0.91291	  0
  74	   1	  -1	  -1	  m 	  A2/A2	  M2/M2	 1.039736	 0.237680	 -0.12572	  0
  74	   2	  -1	  -1	  f 	  A1/A2	  M1/M2	 1.039736	-1.850141	 -0.63551	  0
  74	   3	   1	   2	  m 	  A2/A2	  M1/M2	-1.788080	 0.578477	 -1.54325	  0
  74	   4	   1	   2	  m 	  A1/A2	  M1/M2	 0.469571	 0.578477	 -0.09914	  0
  74	   5	   1	   2	  f 	  A1/A2	  M1/M2	-0.793403	 0.578477	 -0.66671	  0
  74	   6	  -1	  -1	  f 	  A1/A2	  M2/M2	 0.469571	 0.616398	 -0.11554	  0
  74	   7	   4	   6	  m 	  A1/A1	  M2/M2	-1.473819	 2.038634	  1.55803	  1
  74	   8	   4	   6	  f 	  A1/A1	  M1/M2	 1.010085	 2.038634	  1.68014	  0
  75	   1	  -1	  -1	  m 	  A2/A2	  M1/M2	-0.456528	-1.437560	 -1.74894	  0
  75	   2	  -1	  -1	  f 	  A2/A2	  M1/M2	-0.456528	 1.330423	 -1.20854	  1
  75	   3	   1	   2	  m 	  A2/A2	  M1/M2	-1.040109	 1.420903	 -0.82946	  0
  75	   4	   1	   2	  m 	  A2/A2	  M1/M2	 0.788371	 1.420903	 -0.75583	  0
  75	   5	   1	   2	  f 	  A2/A2	  M1/M2	-1.137579	 1.420903	 -1.73666	  0
  75	   6	  -1	  -1	  f 	  A2/A2	  M2/M2	 0.788371	 0.803317	  0.11672	  0
  75	   7	   4	   6	  m 	  A2/A2	  M2/M2	 0.670319	 0.051566	 -0.63539	  0
  75	   8	   4	   6	  f 	  A2/A2	  M1/M2	-0.776302	 0.051566	 -1.64779	  0
  76	   1	  -1	  -1	  m 	  A1/A2	  M2/M2	-3.293111	 0.645918	 -0.20855	  0
  76	   2	  -1	  -1	  f 	  A2/A2	  M2/M2	-3.293111	 0.535538	 -2.02790	  0
  76	   3	   1	   2	  m 	  A1/A2	  M2/M2	-1.416032	-0.282892	 -0.24675	  0
  76	   4	   1	   2	  m 	  A2/A2	  M2/M2	 0.038805	-0.282892	  0.27387	  0
  76	   5	   1	   2	  f 	  A1/A2	  M2/M2	 0.466398	-0.282892	  0.04197	  0
  76	   6	  -1	  -1	  f 	  A1/A2	  M2/M2	 0.038805	-0.052370	  0.00251	  0
  76	   7	   4	   6	  m 	  A1/A2	  M2/M2	 0.167537	-1.213312	  0.15579	  0
  76	   8	   4	   6	  f 	  A1/A2	  M2/M2	 0.191234	-1.213312	 -1.51279	  0
  77	   1	  -1	  -1	  m 	  A2/A2	  M2/M2	-2.083595	 2.316099	 -0.35514	  0
  77	   2	  -1	  -1	  f 	  A1/A2	  M1/M2	-2.083595	 1.409836	  0.04710	  0
  77	   3	   1	   2	  m 	  A1/A2	  M2/M2	 0.213179	 0.891067	 -0.15134	  0
  77	   4	   1	   2	  m 	  A2/A2	  M1/M2	-0.518503	 0.891067	 -0.72226	  0
  77	   5	   1	   2	  f 	  A2/A2	  M1/M2	-1.005946	 0.891067	  0.22601	  0
  77	   6	  -1	  -1	  f 	  A2/A2	  M2/M2	-0.518503	-0.188728	 -1.42152	  0
  77	   7	   4	   6	  m 	  A2/A2	  M1/M2	 0.598909	-2.276381	 -1.13799	  0
  77	   8	   4	   6	  f 	  A2/A2	  M1/M2	 0.434475	-2.276381	 -0.37507	  0
  78	   1	  -1	  -1	  m 	  A2/A2	  M1/M2	 1.704918	-0.381376	 -1.19443	  0
  78	   2	  -1	  -1	  f 	  A2/A2	  M2/M2	 1.704918	 2.116134	  0.69427	  0
  78	   3	   1	   2	  m 	  A2/A2	  M2/M2	 2.159277	 0.557865	 -0.35142	  1
  78	   4	   1	   2	  m 	  A2/A2	  M1/M2	-1.412319	 0.557865	 -1.81272	  0
  78	   5	   1	   2	  f 	  A2/A2	  M1/M2	-1.184071	 0.557865	 -2.01602	  0
  78	   6	  -1	  -1	  f 	  A2/A2	  M2/M2	-1.412319	 1.377967	  0.04761	  0
  78	   7	   4	   6	  m 	  A2/A2	  M2/M2	-1.575496	 1.126886	 -0.27872	  1
  78	   8	   4	   6	  f 	  A2/A2	  M2/M2	-0.892258	 1.126886	 -0.61672	  0
  79	   1	  -1	  -1	  m 	  A1/A1	  M2/M2	 1.006975	-1.552721	  0.17245	  0
  79	   2	  -1	  -1	  f 	  A2/A2	  M1/M2	 1.006975	 0.303128	 -0.34459	  1
  79	   3	   1	   2	  m 	  A1/A2	  M2/M2	-2.523229	 0.778945	  0.25624	  0
  79	   4	   1	   2	  m 	  A1/A2	  M1/M2	-0.088047	 0.778945	  0.35744	  0
  79	   5	   1	   2	  f 	  A1/A2	  M2/M2	 0.272915	 0.778945	  0.77468	  0
  79	   6	  -1	  -1	  f 	  A2/A2	  M2/M2	-0.088047	 2.060342	 -1.28419	  1
  79	   7	   4	   6	  m 	  A1/A2	  M2/M2	 1.690291	-0.153834	  0.72504	  1
  79	   8	   4	   6	  f 	  A2/A2	  M2/M2	-0.084262	-0.153834	 -1.12885	  0
  80	   1	  -1	  -1	  m 	  A1/A2	  M2/M2	-1.360906	 0.898504	 -0.50919	  0
  80	   2	  -1	  -1	  f 	  A1/A2	  M2/M2	-1.360906	-2.350220	 -1.87067	  0
  80	   3	   1	   2	  m 	  A1/A1	  M2/M2	 0.704199	 1.202330	  0.92854	  0
  80	   4	   1	   2	  m 	  A1/A1	  M2/M2	-0.139944	 1.202330	  1.19659	  0
  80	   5	   1	   2	  f 	  A1/A2	  M2/M2	 0.283321	 1.202330	  0.40374	  1
  80	   6	  -1	  -1	  f 	  A2/A2	  M2/M2	-0.139944	 0.091818	 -0.07621	  0
  80	   7	   4	   6	  m 	  A1/A2	  M2/M2	 1.395206	-1.396976	  0.15166	  0
  80	   8	   4	   6	  f 	  A1/A2	  M2/M2	-0.391681	-1.396976	 -0.35145	  0
  81	   1	  -1	  -1	  m 	  A2/A2	  M1/M2	-1.500629	 0.050517	 -0.85680	  0
  81	   2	  -1	  -1	  f 	  A2/A2	  M2/M2	-1.500629	-1.894269	 -2.12570	  0
  81	   3	   1	   2	  m 	  A2/A2	  M1/M2	 1.579645	 0.083912	 -0.09208	  0
  81	   4	   1	   2	  m 	  A2/A2	  M2/M2	-0.895758	 0.083912	 -0.48710	  1
  81	   5	   1	   2	  f 	  A2/A2	  M1/M2	-0.215601	 0.083912	 -0.68801	  0
  81	   6	  -1	  -1	  f 	  A1/A2	  M2/M2	-0.895758	 1.073556	 -0.89487	  0
  81	   7	   4	   6	  m 	  A2/A2	  M2/M2	 0.144147	-0.569615	 -1.04103	  0
  81	   8	   4	   6	  f 	  A1/A2	  M2/M2	 0.369622	-0.569615	  1.02633	  0
  82	   1	  -1	  -1	  m 	  A1/A2	  M2/M2	-0.350946	-0.265853	 -1.13221	  0
  82	   2	  -1	  -1	  f 	  A2/A2	  M2/M2	-0.350946	 0.249729	 -0.47656	  0
  82	   3	   1	   2	  m 	  A2/A2	  M2/M2	-0.388258	-2.384769	 -1.85921	  0
  82	   4	   1	   2	  m 	  A1/A2	  M2/M2	 0.241498	-2.384769	 -0.71007	  0
  82	   5	   1	   2	  f 	  A2/A2	  M2/M2	-0.105095	-2.384769	 -1.08644	  0
  82	   6	  -1	  -1	  f 	  A2/A2	  M2/M2	 0.241498	 2.428712	 -0.90781	  0
  82	   7	   4	   6	  m 	  A1/A2	  M2/M2	-0.884465	-0.082093	  0.05796	  0
  82	   8	   4	   6	  f 	  A2/A2	  M2/M2	 1.256165	-0.082093	 -0.46926	  0
  83	   1	  -1	  -1	  m 	  A1/A2	  M1/M1	-0.148948	 0.338589	  0.34490	  0
  83	   2	  -1	  -1	  f 	  A1/A2	  M2/M2	-0.148948	 0.553144	  0.16819	  0
  83	   3	   1	   2	  m 	  A1/A1	  M1/M2	 0.466331	 0.601041	  0.84907	  0
  83	   4	   1	   2	  m 	  A1/A1	  M1/M2	-0.623187	 0.601041	  1.12977	  0
  83	   5	   1	   2	  f 	  A1/A2	  M1/M2	 1.062506	 0.601041	  0.46661	  0
  83	   6	  -1	  -1	  f 	  A2/A2	  M2/M2	-0.623187	 0.250932	 -1.23690	  0
  83	   7	   4	   6	  m 	  A1/A2	  M2/M2	 0.751950	 1.079732	 -0.24174	  0
  83	   8	   4	   6	  f 	  A1/A2	  M2/M2	-0.580425	 1.079732	 -0.10272	  0
  84	   1	  -1	  -1	  m 	  A1/A2	  M2/M2	-1.544948	 0.048905	  0.01642	  0
  84	   2	  -1	  -1	  f 	  A2/A2	  M1/M2	-1.544948	-0.557722	 -0.96289	  0
  84	   3	   1	   2	  m 	  A1/A2	  M2/M2	 0.033056	-0.511213	 -0.63832	  0
  84	   4	   1	   2	  m 	  A1/A2	  M2/M2	-0.032345	-0.511213	 -1.08289	  0
  84	   5	   1	   2	  f 	  A2/A2	  M1/M2	 1.018576	-0.511213	 -0.33311	  0
  84	   6	  -1	  -1	  f 	  A1/A2	  M2/M2	-0.032345	-1.301764	 -0.69459	  0
  84	   7	   4	   6	  m 	  A1/A2	  M2/M2	 0.076163	 1.022994	 -0.06918	  0
  84	   8	   4	   6	  f 	  A2/A2	  M2/M2	-1.925104	 1.022994	  0.21257	  0
  85	   1	  -1	  -1	  m 	  A2/A2	  M2/M2	 0.590475	 0.601518	  0.05796	  1
  85	   2	  -1	  -1	  f 	  A1/A2	  M2/M2	 0.590475	-1.077626	  0.43471	  0
  85	   3	   1	   2	  m 	  A2/A2	  M2/M2	 0.961254	 0.618314	 -1.01742	  0
  85	   4	   1	   2	  m 	  A2/A2	  M2/M2	 1.832356	 0.618314	 -0.90108	  0
  85	   5	   1	   2	  f 	  A2/A2	  M2/M2	-1.227991	 0.618314	 -0.82298	  0
  85	   6	  -1	  -1	  f 	  A2/A2	  M2/M2	 1.832356	 0.700609	 -0.64622	  0
  85	   7	   4	   6	  m 	  A2/A2	  M2/M2	 0.038572	 0.664863	 -1.08731	  0
  85	   8	   4	   6	  f 	  A2/A2	  M2/M2	 0.635354	 0.664863	 -1.05724	  0
  86	   1	  -1	  -1	  m 	  A1/A2	  M1/M2	-1.049530	 0.786606	  0.57665	  0
  86	   2	  -1	  -1	  f 	  A2/A2	  M2/M2	-1.049530	-0.270081	 -0.83854	  0
  86	   3	   1	   2	  m 	  A2/A2	  M2/M2	-0.709819	 0.857982	  0.09994	  0
  86	   4	   1	   2	  m 	  A2/A2	  M2/M2	-1.166798	 0.857982	 -1.18157	  1
  86	   5	   1	   2	  f 	  A2/A2	  M2/M2	-0.046334	 0.857982	 -0.58689	  1
  86	   6	  -1	  -1	  f 	  A2/A2	  M1/M2	-1.166798	 0.528156	 -0.34363	  0
  86	   7	   4	   6	  m 	  A2/A2	  M2/M2	-0.731454	 1.973680	  0.52377	  1
  86	   8	   4	   6	  f 	  A2/A2	  M2/M2	-2.169978	 1.973680	 -0.89406	  0
  87	   1	  -1	  -1	  m 	  A2/A2	  M2/M2	-0.614171	 0.382726	 -1.41003	  0
  87	   2	  -1	  -1	  f 	  A1/A1	  M2/M2	-0.614171	 0.048749	  0.91368	  0
  87	   3	   1	   2	  m 	  A1/A2	  M2/M2	-2.030110	-0.458387	 -1.00130	  0
  87	   4	   1	   2	  m 	  A1/A2	  M2/M2	 1.371900	-0.458387	  0.25433	  0
  87	   5	   1	   2	  f 	  A1/A2	  M2/M2	 1.379113	-0.458387	 -0.57810	  0
  87	   6	  -1	  -1	  f 	  A2/A2	  M2/M2	 1.371900	-0.746334	 -0.40485	  1
  87	   7	   4	   6	  m 	  A1/A2	  M2/M2	 0.031902	-0.252856	  0.99633	  0
  87	   8	   4	   6	  f 	  A1/A2	  M2/M2	-0.184700	-0.252856	 -0.70481	  0
  88	   1	  -1	  -1	  m 	  A2/A2	  M2/M2	-0.825567	 0.806855	 -1.14721	  0
  88	   2	  -1	  -1	  f 	  A1/A2	  M1/M2	-0.825567	-0.830385	 -0.76412	  0
  88	   3	   1	   2	  m 	  A2/A2	  M2/M2	 0.206635	 1.472547	 -0.52745	  1
  88	   4	   1	   2	  m 	  A2/A2	  M1/M2	-0.141786	 1.472547	 -0.39856	  0
  88	   5	   1	   2	  f 	  A2/A2	  M1/M2	-0.805796	 1.472547	 -0.59515	  0
  88	   6	  -1	  -1	  f 	  A2/A2	  M1/M2	-0.141786	-0.404134	 -1.12175	  0
  88	   7	   4	   6	  m 	  A2/A2	  M1/M1	-0.381382	-0.859680	 -1.36184	  0
  88	   8	   4	   6	  f 	  A2/A2	  M1/M2	 2.574500	-0.859680	 -1.04295	  0
  89	   1	  -1	  -1	  m 	  A1/A2	  M1/M2	-0.225666	 1.279851	 -0.13277	  0
  89	   2	  -1	  -1	  f 	  A2/A2	  M2/M2	-0.225666	 0.987008	  0.61255	  0
  89	   3	   1	   2	  m 	  A1/A2	  M2/M2	 0.755796	 1.686556	  0.43675	  1
  89	   4	   1	   2	  m 	  A2/A2	  M2/M2	-0.701706	 1.686556	 -1.09950	  0
  89	   5	   1	   2	  f 	  A1/A2	  M2/M2	-0.539391	 1.686556	  0.35469	  0
  89	   6	  -1	  -1	  f 	  A2/A2	  M2/M2	-0.701706	-0.836647	 -0.06588	  0
  89	   7	   4	   6	  m 	  A2/A2	  M2/M2	-0.473149	-2.275329	 -2.60245	  0
  89	   8	   4	   6	  f 	  A2/A2	  M2/M2	-0.433653	-2.275329	 -1.87730	  0
  90	   1	  -1	  -1	  m 	  A1/A2	  M2/M2	-0.588764	-0.270038	 -0.05192	  0
  90	   2	  -1	  -1	  f 	  A2/A2	  M2/M2	-0.588764	-0.170502	 -1.07412	  0
  90	   3	   1	   2	  m 	  A2/A2	  M2/M2	-0.299883	 0.050859	 -0.60040	  0
  90	   4	   1	   2	  m 	  A2/A2	  M2/M2	-0.567548	 0.050859	 -1.04319	  0
  90	   5	   1	   2	  f 	  A1/A2	  M2/M2	-0.466149	 0.050859	 -0.27332	  1
  90	   6	  -1	  -1	  f 	  A1/A2	  M2/M2	-0.567548	 0.854894	 -0.15625	  0
  90	   7	   4	   6	  m 	  A2/A2	  M2/M2	 1.622199	 1.704722	 -0.54832	  0
  90	   8	   4	   6	  f 	  A1/A2	  M2/M2	-1.617676	 1.704722	 -1.26754	  0
  91	   1	  -1	  -1	  m 	  A1/A2	  M2/M2	-0.421381	-1.774461	  0.15905	  0
  91	   2	  -1	  -1	  f 	  A2/A2	  M2/M2	-0.421381	 1.449796	 -0.11868	  1
  91	   3	   1	   2	  m 	  A2/A2	  M2/M2	-1.062398	 0.182460	 -1.17374	  0
  91	   4	   1	   2	  m 	  A1/A2	  M2/M2	-0.521076	 0.182460	  0.18886	  0
  91	   5	   1	   2	  f 	  A1/A2	  M2/M2	-1.524528	 0.182460	  0.23022	  0
  91	   6	  -1	  -1	  f 	  A2/A2	  M2/M2	-0.521076	-0.872108	 -1.73649	  0
  91	   7	   4	   6	  m 	  A2/A2	  M2/M2	-1.466970	 1.598782	 -1.16656	  0
  91	   8	   4	   6	  f 	  A2/A2	  M2/M2	 0.253166	 1.598782	 -0.93887	  0
  92	   1	  -1	  -1	  m 	  A2/A2	  M2/M2	 1.567456	-0.485736	 -0.23730	  1
  92	   2	  -1	  -1	  f 	  A1/A2	  M1/M1	 1.567456	 1.001702	  1.57728	  1
  92	   3	   1	   2	  m 	  A1/A2	  M1/M2	-0.078534	 0.932028	  1.01981	  0
  92	   4	   1	   2	  m 	  A2/A2	  M1/M2	 0.432308	 0.932028	 -1.25360	  1
  92	   5	   1	   2	  f 	  A2/A2	  M1/M2	-0.323480	 0.932028	 -0.43845	  1
  92	   6	  -1	  -1	  f 	  A2/A2	  M1/M2	 0.432308	 0.271404	 -1.06819	  0
  92	   7	   4	   6	  m 	  A2/A2	  M2/M2	-0.154665	 0.329149	 -1.68821	  0
  92	   8	   4	   6	  f 	  A2/A2	  M1/M1	-0.317981	 0.329149	 -1.43556	  0
  93	   1	  -1	  -1	  m 	  A2/A2	  M1/M2	 1.436151	-1.120440	 -0.06366	  0
  93	   2	  -1	  -1	  f 	  A1/A2	  M1/M2	 1.436151	-0.169904	  0.52888	  0
  93	   3	   1	   2	  m 	  A1/A2	  M1/M1	 1.162695	 0.074897	  0.37143	  1
  93	   4	   1	   2	  m 	  A2/A2	  M1/M1	 0.920730	 0.074897	 -0.40322	  0
  93	   5	   1	   2	  f 	  A2/A2	  M1/M1	-0.176845	 0.074897	  0.64838	  0
  93	   6	  -1	  -1	  f 	  A2/A2	  M1/M2	 0.920730	 2.762883	  0.01895	  0
  93	   7	   4	   6	  m 	  A2/A2	  M1/M1	-0.102738	-0.631469	 -0.62830	  0
  93	   8	   4	   6	  f 	  A2/A2	  M1/M1	 0.149575	-0.631469	 -2.06184	  0
  94	   1	  -1	  -1	  m 	  A1/A2	  M2/M2	 0.307996	-0.250018	  0.86283	  0
  94	   2	  -1	  -1	  f 	  A2/A2	  M2/M2	 0.307996	 0.893043	 -1.08232	  1
  94	   3	   1	   2	  m 	  A2/A2	  M2/M2	-0.267115	-0.152777	 -1.05397	  1
  94	   4	   1	   2	  m 	  A1/A2	  M2/M2	 0.332719	-0.152777	  0.18261	  0
  94	   5	   1	   2	  f 	  A1/A2	  M2/M2	-0.245027	-0.152777	 -0.45447	  0
  94	   6	  -1	  -1	  f 	  A2/A2	  M2/M2	 0.332719	 0.651782	 -0.69110	  0
  94	   7	   4	   6	  m 	  A2/A2	  M2/M2	 1.163657	-0.838012	 -0.38674	  0
  94	   8	   4	   6	  f 	  A2/A2	  M2/M2	 0.416642	-0.838012	 -0.19776	  0
  95	   1	  -1	  -1	  m 	  A2/A2	  M1/M2	 0.413463	 0.267589	 -0.04547	  0
  95	   2	  -1	  -1	  f 	  A2/A2	  M2/M2	 0.413463	-0.753357	  0.26793	  0
  95	   3	   1	   2	  m 	  A2/A2	  M2/M2	 1.098665	 1.877553	 -0.27580	  1
  95	   4	   1	   2	  m 	  A2/A2	  M2/M2	 1.227888	 1.877553	  0.98130	  1
  95	   5	   1	   2	  f 	  A2/A2	  M1/M2	-1.100980	 1.877553	 -0.64687	  0
  95	   6	  -1	  -1	  f 	  A2/A2	  M1/M1	 1.227888	 0.566499	 -0.00587	  0
  95	   7	   4	   6	  m 	  A2/A2	  M1/M2	-1.054162	-0.962704	 -1.64865	  0
  95	   8	   4	   6	  f 	  A2/A2	  M1/M2	-0.376764	-0.962704	 -1.20388	  1
  96	   1	  -1	  -1	  m 	  A2/A2	  M2/M2	 0.514109	-0.001127	 -0.70794	  0
  96	   2	  -1	  -1	  f 	  A1/A1	  M1/M2	 0.514109	-1.043118	  0.85684	  1
  96	   3	   1	   2	  m 	  A1/A2	  M2/M2	 0.621109	-0.069651	  0.25349	  0
  96	   4	   1	   2	  m 	  A1/A2	  M1/M2	-0.583408	-0.069651	 -0.79307	  0
  96	   5	   1	   2	  f 	  A1/A2	  M1/M2	 0.236180	-0.069651	  1.06399	  0
  96	   6	  -1	  -1	  f 	  A2/A2	  M2/M2	-0.583408	-1.363207	 -1.40349	  0
  96	   7	   4	   6	  m 	  A1/A2	  M2/M2	-1.677605	-0.293236	  0.09471	  0
  96	   8	   4	   6	  f 	  A2/A2	  M2/M2	-0.041895	-0.293236	 -0.49275	  0
  97	   1	  -1	  -1	  m 	  A2/A2	  M1/M2	 1.013790	-1.586989	 -0.92129	  0
  97	   2	  -1	  -1	  f 	  A2/A2	  M1/M2	 1.013790	 1.833703	  0.05231	  1
  97	   3	   1	   2	  m 	  A2/A2	  M2/M2	 1.535306	-0.988426	  0.85707	  0
  97	   4	   1	   2	  m 	  A2/A2	  M1/M2	 0.140110	-0.988426	 -0.37305	  0
  97	   5	   1	   2	  f 	  A2/A2	  M1/M2	 0.069446	-0.988426	 -0.77715	  0
  97	   6	  -1	  -1	  f 	  A1/A2	  M2/M2	 0.140110	 0.649933	 -1.52461	  0
  97	   7	   4	   6	  m 	  A1/A2	  M2/M2	 0.332001	 1.964322	  0.21197	  1
  97	   8	   4	   6	  f 	  A2/A2	  M2/M2	 2.953253	 1.964322	  0.30705	  1
  98	   1	  -1	  -1	  m 	  A2/A2	  M1/M2	-0.332460	 1.561101	 -0.05935	  0
  98	   2	  -1	  -1	  f 	  A2/A2	  M2/M2	-0.332460	-0.994554	 -0.92019	  0
  98	   3	   1	   2	  m 	  A2/A2	  M2/M2	 0.230787	 0.596593	 -1.08044	  0
  98	   4	   1	   2	  m 	  A2/A2	  M1/M2	-1.210370	 0.596593	 -0.60782	  0
  98	   5	   1	   2	  f 	  A2/A2	  M1/M2	-0.233562	 0.596593	 -0.98596	  0
  98	   6	  -1	  -1	  f 	  A2/A2	  M1/M2	-1.210370	-0.799039	 -2.76144	  0
  98	   7	   4	   6	  m 	  A2/A2	  M1/M2	 0.799811	 0.069289	  0.09693	  0
  98	   8	   4	   6	  f 	  A2/A2	  M1/M2	 0.503703	 0.069289	 -0.17956	  0
  99	   1	  -1	  -1	  m 	  A2/A2	  M1/M2	-0.333259	 0.449494	  0.10620	  0
  99	   2	  -1	  -1	  f 	  A2/A2	  M1/M2	-0.333259	-1.716340	 -1.58852	  0
  99	   3	   1	   2	  m 	  A2/A2	  M1/M2	-0.924386	 1.176941	 -1.07070	  0
  99	   4	   1	   2	  m 	  A2/A2	  M1/M1	-1.411766	 1.176941	 -1.66827	  0
  99	   5	   1	   2	  f 	  A2/A2	  M1/M1	-0.968278	 1.176941	 -1.28528	  1
  99	   6	  -1	  -1	  f 	  A1/A2	  M2/M2	-1.411766	 1.055273	  0.35277	  0
  99	   7	   4	   6	  m 	  A2/A2	  M1/M2	 0.222765	-1.155042	 -1.53335	  0
  99	   8	   4	   6	  f 	  A2/A2	  M1/M2	-0.676880	-1.155042	 -2.02454	  0
 100	   1	  -1	  -1	  m 	  A2/A2	  M2/M2	-1.180437	-0.339785	 -2.20790	  0
 100	   2	  -1	  -1	  f 	  A2/A2	  M2/M2	-1.180437	-0.719305	 -0.95886	  0
 100	   3	   1	   2	  m 	  A2/A2	  M2/M2	-0.535147	-1.134634	 -1.03894	  0
 100	   4	   1	   2	  m 	  A2/A2	  M2/M2	 0.595736	-1.134634	 -0.10514	  0
 100	   5	   1	   2	  f 	  A2/A2	  M2/M2	 0.385857	-1.134634	 -0.71389	  0
 100	   6	  -1	  -1	  f 	  A2/A2	  M2/M2	 0.595736	 0.232478	 -0.41135	  0
 100	   7	   4	   6	  m 	  A2/A2	  M2/M2	 1.403245	-0.128800	  0.05050	  0
 100	   8	   4	   6	  f 	  A2/A2	  M2/M2	-0.105314	-0.128800	 -0.30968	  0
 101	   1	  -1	  -1	  m 	  A2/A2	  M2/M2	 0.588538	-0.097757	 -0.56093	  0
 101	   2	  -1	  -1	  f 	  A1/A2	  M2/M2	 0.588538	-1.550344	 -0.18861	  0
 101	   3	   1	   2	  m 	  A1/A2	  M2/M2	-0.695424	-0.005729	 -0.91782	  0
 101	   4	   1	   2	  m 	  A1/A2	  M2/M2	 1.110260	-0.005729	  0.28094	  0
 101	   5	   1	   2	  f 	  A1/A2	  M2/M2	-1.710865	-0.005729	 -0.33237	  0
 101	   6	  -1	  -1	  f 	  A2/A2	  M1/M2	 1.110260	-0.406505	 -1.16208	  0
 101	   7	   4	   6	  m 	  A1/A2	  M2/M2	-0.573065	-0.615463	 -1.01591	  0
 101	   8	   4	   6	  f 	  A1/A2	  M2/M2	 0.874270	-0.615463	  0.09489	  0
 102	   1	  -1	  -1	  m 	  A1/A2	  M2/M2	-1.099734	 0.750260	  0.40361	  0
 102	   2	  -1	  -1	  f 	  A2/A2	  M2/M2	-1.099734	 1.077622	 -0.31259	  1
 102	   3	   1	   2	  m 	  A2/A2	  M2/M2	-0.033067	 0.546547	 -0.63934	  0
 102	   4	   1	   2	  m 	  A1/A2	  M2/M2	-0.789265	 0.546547	  1.18010	  1
 102	   5	   1	   2	  f 	  A1/A2	  M2/M2	 0.729383	 0.546547	  1.76020	  0
 102	   6	  -1	  -1	  f 	  A1/A2	  M2/M2	-0.789265	 0.423983	  0.12407	  0
 102	   7	   4	   6	  m 	  A1/A2	  M2/M2	-0.842493	 1.674118	  0.61971	  0
 102	   8	   4	   6	  f 	  A1/A1	  M2/M2	-1.651431	 1.674118	  1.35855	  1
 103	   1	  -1	  -1	  m 	  A2/A2	  M1/M2	 0.901593	-0.506779	 -1.21283	  0
 103	   2	  -1	  -1	  f 	  A2/A2	  M1/M2	 0.901593	-0.655489	 -0.75201	  0
 103	   3	   1	   2	  m 	  A2/A2	  M1/M2	-1.775826	-0.776032	 -1.47983	  0
 103	   4	   1	   2	  m 	  A2/A2	  M2/M2	 0.112212	-0.776032	 -1.00279	  0
 103	   5	   1	   2	  f 	  A2/A2	  M1/M1	 0.053472	-0.776032	 -0.22822	  0
 103	   6	  -1	  -1	  f 	  A2/A2	  M2/M2	 0.112212	-0.464426	 -0.99321	  0
 103	   7	   4	   6	  m 	  A2/A2	  M2/M2	 1.353101	-2.149468	 -1.83209	  0
 103	   8	   4	   6	  f 	  A2/A2	  M2/M2	 1.261595	-2.149468	 -1.01462	  0
 104	   1	  -1	  -1	  m 	  A1/A2	  M1/M1	 0.516826	 2.264357	 -0.59462	  1
 104	   2	  -1	  -1	  f 	  A1/A2	  M1/M2	 0.516826	 0.189436	  0.27160	  0
 104	   3	   1	   2	  m 	  A1/A1	  M1/M2	 0.488645	 0.782805	  0.85372	  1
 104	   4	   1	   2	  m 	  A1/A2	  M1/M2	-0.700887	 0.782805	  0.36382	  0
 104	   5	   1	   2	  f 	  A1/A1	  M1/M2	 1.177478	 0.782805	  2.70357	  0
 104	   6	  -1	  -1	  f 	  A2/A2	  M2/M2	-0.700887	-1.121297	 -1.49077	  0
 104	   7	   4	   6	  m 	  A1/A2	  M2/M2	 1.475902	-1.676846	  0.80442	  0
 104	   8	   4	   6	  f 	  A1/A2	  M2/M2	 0.833629	-1.676846	  0.15029	  0
 105	   1	  -1	  -1	  m 	  A2/A2	  M2/M2	-0.285842	 0.997523	 -0.86241	  0
 105	   2	  -1	  -1	  f 	  A2/A2	  M2/M2	-0.285842	 0.954238	 -1.01540	  0
 105	   3	   1	   2	  m 	  A2/A2	  M2/M2	-0.963616	-0.941819	 -0.06355	  0
 105	   4	   1	   2	  m 	  A2/A2	  M2/M2	 0.348868	-0.941819	 -1.79544	  0
 105	   5	   1	   2	  f 	  A2/A2	  M2/M2	-0.224690	-0.941819	 -0.79366	  0
 105	   6	  -1	  -1	  f 	  A2/A2	  M2/M2	 0.348868	 0.831027	 -0.45287	  0
 105	   7	   4	   6	  m 	  A2/A2	  M2/M2	 0.026717	 1.078035	  0.15162	  0
 105	   8	   4	   6	  f 	  A2/A2	  M2/M2	 0.480812	 1.078035	 -0.97436	  0
 106	   1	  -1	  -1	  m 	  A1/A1	  M2/M2	-1.492938	-0.299513	 -0.50186	  0
 106	   2	  -1	  -1	  f 	  A2/A2	  M2/M2	-1.492938	 2.056026	 -1.75523	  0
 106	   3	   1	   2	  m 	  A1/A2	  M2/M2	-2.073342	-1.015322	 -0.30725	  0
 106	   4	   1	   2	  m 	  A1/A2	  M2/M2	-1.054382	-1.015322	 -0.40778	  0
 106	   5	   1	   2	  f 	  A1/A2	  M2/M2	 2.742068	-1.015322	  0.46781	  0
 106	   6	  -1	  -1	  f 	  A2/A2	  M1/M2	-1.054382	 0.628572	 -0.82809	  0
 106	   7	   4	   6	  m 	  A1/A2	  M1/M2	-0.629727	-0.899177	 -0.29036	  0
 106	   8	   4	   6	  f 	  A1/A2	  M2/M2	-0.479061	-0.899177	 -0.55561	  0
 107	   1	  -1	  -1	  m 	  A1/A2	  M2/M2	-1.124284	-0.254863	 -0.83095	  0
 107	   2	  -1	  -1	  f 	  A2/A2	  M2/M2	-1.124284	-0.539107	 -0.92800	  0
 107	   3	   1	   2	  m 	  A1/A2	  M2/M2	-0.143821	 0.524028	  0.79500	  0
 107	   4	   1	   2	  m 	  A1/A2	  M2/M2	-0.217014	 0.524028	 -0.36258	  0
 107	   5	   1	   2	  f 	  A2/A2	  M2/M2	 1.766100	 0.524028	 -0.80157	  0
 107	   6	  -1	  -1	  f 	  A1/A2	  M1/M2	-0.217014	-0.040951	  0.49864	  0
 107	   7	   4	   6	  m 	  A1/A1	  M1/M2	-0.210776	 0.964273	  1.26179	  0
 107	   8	   4	   6	  f 	  A1/A2	  M2/M2	-0.201503	 0.964273	 -0.03919	  0
 108	   1	  -1	  -1	  m 	  A1/A1	  M2/M2	 0.571644	 0.618374	  1.52111	  1
 108	   2	  -1	  -1	  f 	  A1/A1	  M2/M2	 0.571644	 0.660860	  1.17888	  0
 108	   3	   1	   2	  m 	  A1/A1	  M2/M2	-0.200469	 0.442847	 -0.37328	  0
 108	   4	   1	   2	  m 	  A1/A1	  M2/M2	 0.182229	 0.442847	  0.57979	  0
 108	   5	   1	   2	  f 	  A1/A1	  M2/M2	 1.235442	 0.442847	  0.68184	  0
 108	   6	  -1	  -1	  f 	  A2/A2	  M2/M2	 0.182229	-0.256200	 -1.35174	  0
 108	   7	   4	   6	  m 	  A1/A2	  M2/M2	 0.437147	-0.431219	 -0.16062	  0
 108	   8	   4	   6	  f 	  A1/A2	  M2/M2	 1.806505	-0.431219	  0.37333	  0
 109	   1	  -1	  -1	  m 	  A2/A2	  M2/M2	-1.310304	-0.389405	 -1.33385	  0
 109	   2	  -1	  -1	  f 	  A1/A2	  M2/M2	-1.310304	 0.911734	 -0.11398	  0
 109	   3	   1	   2	  m 	  A2/A2	  M2/M2	-0.015627	-0.348626	 -1.29168	  0
 109	   4	   1	   2	  m 	  A2/A2	  M2/M2	-0.760694	-0.348626	 -0.62917	  0
 109	   5	   1	   2	  f 	  A1/A2	  M2/M2	 0.248860	-0.348626	 -0.30779	  0
 109	   6	  -1	  -1	  f 	  A2/A2	  M2/M2	-0.760694	 1.265373	 -1.15291	  0
 109	   7	   4	   6	  m 	  A2/A2	  M2/M2	 1.039537	 1.934660	 -0.21186	  1
 109	   8	   4	   6	  f 	  A2/A2	  M2/M2	-1.432506	 1.934660	 -1.13978	  0
 110	   1	  -1	  -1	  m 	  A1/A2	  M2/M2	-0.875259	-1.958320	 -1.20356	  0
 110	   2	  -1	  -1	  f 	  A1/A2	  M2/M2	-0.875259	-1.414557	 -0.14912	  0
 110	   3	   1	   2	  m 	  A2/A2	  M2/M2	 1.807190	-0.349658	  0.39103	  0
 110	   4	   1	   2	  m 	  A1/A2	  M2/M2	 1.368153	-0.349658	  0.72101	  1
 110	   5	   1	   2	  f 	  A1/A2	  M2/M2	-0.589441	-0.349658	 -0.05556	  0
 110	   6	  -1	  -1	  f 	  A2/A2	  M1/M2	 1.368153	-0.357113	 -0.02587	  0
 110	   7	   4	   6	  m 	  A1/A2	  M1/M2	 0.025574	-0.063836	  0.10797	  1
 110	   8	   4	   6	  f 	  A2/A2	  M1/M2	-0.622674	-0.063836	 -1.21155	  0
 111	   1	  -1	  -1	  m 	  A2/A2	  M2/M2	 0.787276	 1.736057	 -0.57374	  1
 111	   2	  -1	  -1	  f 	  A1/A2	  M1/M2	 0.787276	 0.126703	  0.17147	  0
 111	   3	   1	   2	  m 	  A1/A2	  M1/M2	 2.032753	-0.559260	  0.17272	  0
 111	   4	   1	   2	  m 	  A1/A2	  M1/M2	-0.167562	-0.559260	 -1.15263	  0
 111	   5	   1	   2	  f 	  A2/A2	  M1/M2	-0.268630	-0.559260	 -1.91630	  0
 111	   6	  -1	  -1	  f 	  A2/A2	  M2/M2	-0.167562	 0.287363	 -1.31323	  0
 111	   7	   4	   6	  m 	  A2/A2	  M1/M2	 0.381816	 0.861688	 -0.46471	  0
 111	   8	   4	   6	  f 	  A1/A2	  M1/M2	-0.278392	 0.861688	  0.47366	  0
 112	   1	  -1	  -1	  m 	  A1/A2	  M2/M2	 0.677353	-1.013662	  0.32276	  0
 112	   2	  -1	  -1	  f 	  A1/A2	  M2/M2	 0.677353	 1.709060	  0.82316	  0
 112	   3	   1	   2	  m 	  A2/A2	  M2/M2	 0.092492	-0.607152	 -1.36909	  0
 112	   4	   1	   2	  m 	  A1/A2	  M2/M2	 0.663178	-0.607152	 -1.09967	  0
 112	   5	   1	   2	  f 	  A1/A2	  M2/M2	 1.860523	-0.607152	  0.54136	  0
 112	   6	  -1	  -1	  f 	  A1/A1	  M1/M2	 0.663178	 0.063818	  1.18177	  0
 112	   7	   4	   6	  m 	  A1/A1	  M2/M2	-0.162344	-1.284414	  0.00946	  0
 112	   8	   4	   6	  f 	  A1/A2	  M1/M2	-1.111550	-1.284414	 -0.59564	  0
 113	   1	  -1	  -1	  m 	  A2/A2	  M2/M2	-1.293465	-1.021067	 -1.01557	  0
 113	   2	  -1	  -1	  f 	  A2/A2	  M1/M2	-1.293465	 0.494224	 -1.07937	  0
 113	   3	   1	   2	  m 	  A2/A2	  M2/M2	-0.463198	-1.054982	 -1.22770	  0
 113	   4	   1	   2	  m 	  A2/A2	  M2/M2	-1.946648	-1.054982	 -0.67133	  0
 113	   5	   1	   2	  f 	  A2/A2	  M2/M2	 0.985201	-1.054982	 -1.36982	  0
 113	   6	  -1	  -1	  f 	  A1/A2	  M1/M2	-1.946648	 0.351932	 -0.45582	  0
 113	   7	   4	   6	  m 	  A2/A2	  M2/M2	 2.095277	-0.591119	 -0.77063	  0
 113	   8	   4	   6	  f 	  A1/A2	  M1/M2	 0.442873	-0.591119	  0.08085	  0
 114	   1	  -1	  -1	  m 	  A2/A2	  M2/M2	-0.847204	 0.792065	 -1.15788	  0
 114	   2	  -1	  -1	  f 	  A2/A2	  M1/M2	-0.847204	 0.174373	 -0.97292	  0
 114	   3	   1	   2	  m 	  A2/A2	  M1/M2	-0.051795	 0.971438	 -0.46975	  0
 114	   4	   1	   2	  m 	  A2/A2	  M2/M2	 1.909414	 0.971438	 -1.26546	  0
 114	   5	   1	   2	  f 	  A2/A2	  M1/M2	-1.749570	 0.971438	 -1.61296	  0
 114	   6	  -1	  -1	  f 	  A1/A2	  M2/M2	 1.909414	-1.838504	 -0.20799	  1
 114	   7	   4	   6	  m 	  A1/A2	  M2/M2	-0.756849	 0.505127	  0.31926	  0
 114	   8	   4	   6	  f 	  A2/A2	  M2/M2	 1.456194	 0.505127	 -0.24196	  0
 115	   1	  -1	  -1	  m 	  A2/A2	  M2/M2	 0.322964	 1.147604	 -0.10666	  1
 115	   2	  -1	  -1	  f 	  A2/A2	  M2/M2	 0.322964	 0.591019	  0.71257	  0
 115	   3	   1	   2	  m 	  A2/A2	  M2/M2	 0.194526	 1.703214	 -0.59649	  0
 115	   4	   1	   2	  m 	  A2/A2	  M2/M2	 0.374441	 1.703214	  0.26023	  0
 115	   5	   1	   2	  f 	  A2/A2	  M2/M2	 0.437765	 1.703214	  0.30862	  1
 115	   6	  -1	  -1	  f 	  A2/A2	  M1/M2	 0.374441	 0.320076	 -0.52070	  0
 115	   7	   4	   6	  m 	  A2/A2	  M2/M2	-0.475450	-0.289945	 -0.91515	  0
 115	   8	   4	   6	  f 	  A2/A2	  M2/M2	-0.835534	-0.289945	 -0.93440	  0
 116	   1	  -1	  -1	  m 	  A2/A2	  M2/M2	-0.722141	-1.268106	 -1.65762	  0
 116	   2	  -1	  -1	  f 	  A2/A2	  M1/M2	-0.722141	 0.660206	 -1.24301	  0
 116	   3	   1	   2	  m 	  A2/A2	  M1/M2	 2.521985	 0.548810	 -0.52874	  0
 116	   4	   1	   2	  m 	  A2/A2	  M1/M2	-0.236601	 0.548810	 -1.64740	  0
 116	   5	   1	   2	  f 	  A2/A2	  M2/M2	 0.105493	 0.548810	 -0.99353	  0
 116	   6	  -1	  -1	  f 	  A2/A2	  M1/M2	-0.236601	-2.089515	 -0.56539	  0
 116	   7	   4	   6	  m 	  A2/A2	  M1/M2	 0.121952	-0.145170	 -0.44832	  0
 116	   8	   4	   6	  f 	  A2/A2	  M1/M2	-1.133179	-0.145170	 -1.05851	  0
 117	   1	  -1	  -1	  m 	  A2/A2	  M1/M2	 0.529776	-0.504658	 -0.65521	  0
 117	   2	  -1	  -1	  f 	  A2/A2	  M1/M2	 0.529776	-1.176739	 -0.80424	  0
 117	   3	   1	   2	  m 	  A2/A2	  M2/M2	-1.555878	 0.526881	 -0.48442	  0
 117	   4	   1	   2	  m 	  A2/A2	  M1/M2	 1.110198	 0.526881	 -0.78974	  1
 117	   5	   1	   2	  f 	  A2/A2	  M1/M2	-1.074664	 0.526881	 -0.60842	  0
 117	   6	  -1	  -1	  f 	  A2/A2	  M1/M2	 1.110198	-0.240803	 -0.34377	  0
 117	   7	   4	   6	  m 	  A2/A2	  M1/M2	-1.135670	 0.944644	 -0.65195	  0
 117	   8	   4	   6	  f 	  A2/A2	  M1/M1	 0.672067	 0.944644	 -0.34390	  0
 118	   1	  -1	  -1	  m 	  A1/A1	  M1/M2	 1.825840	-0.587131	  1.05939	  0
 118	   2	  -1	  -1	  f 	  A1/A2	  M1/M2	 1.825840	 0.740000	  0.41179	  1
 118	   3	   1	   2	  m 	  A1/A1	  M1/M2	-0.738794	 0.642593	  0.93693	  0
 118	   4	   1	   2	  m 	  A1/A1	  M2/M2	 2.450645	 0.642593	  1.20270	  0
 118	   5	   1	   2	  f 	  A1/A1	  M2/M2	-0.710462	 0.642593	  1.06885	  0
 118	   6	  -1	  -1	  f 	  A2/A2	  M2/M2	 2.450645	-2.346247	 -0.70714	  0
 118	   7	   4	   6	  m 	  A1/A2	  M2/M2	-0.341767	 0.423133	  0.04591	  0
 118	   8	   4	   6	  f 	  A1/A2	  M2/M2	 1.168542	 0.423133	  0.81225	  0
 119	   1	  -1	  -1	  m 	  A2/A2	  M2/M2	-2.475774	 0.088786	 -0.57055	  0
 119	   2	  -1	  -1	  f 	  A2/A2	  M2/M2	-2.475774	-1.285303	 -1.30661	  0
 119	   3	   1	   2	  m 	  A2/A2	  M2/M2	 0.147060	-1.538026	 -0.74359	  0
 119	   4	   1	   2	  m 	  A2/A2	  M2/M2	 0.387847	-1.538026	 -1.33937	  0
 119	   5	   1	   2	  f 	  A2/A2	  M2/M2	 2.032783	-1.538026	 -0.85726	  0
 119	   6	  -1	  -1	  f 	  A1/A2	  M2/M2	 0.387847	-1.775552	  0.38828	  0
 119	   7	   4	   6	  m 	  A2/A2	  M2/M2	 2.134002	 1.079635	  0.19770	  1
 119	   8	   4	   6	  f 	  A1/A2	  M2/M2	-0.635275	 1.079635	  1.35506	  0
 120	   1	  -1	  -1	  m 	  A1/A2	  M2/M2	 0.278840	 0.894764	  0.91372	  0
 120	   2	  -1	  -1	  f 	  A2/A2	  M1/M2	 0.278840	-1.152612	 -1.53402	  0
 120	   3	   1	   2	  m 	  A1/A2	  M1/M2	 0.438729	-0.034684	  0.25750	  0
 120	   4	   1	   2	  m 	  A2/A2	  M1/M2	 0.842647	-0.034684	 -0.42785	  0
 120	   5	   1	   2	  f 	  A1/A2	  M1/M2	 0.536746	-0.034684	 -1.05544	  0
 120	   6	  -1	  -1	  f 	  A2/A2	  M2/M2	 0.842647	 1.251932	 -0.51002	  0
 120	   7	   4	   6	  m 	  A2/A2	  M1/M2	 1.444444	-0.726197	 -0.21622	  0
 120	   8	   4	   6	  f 	  A2/A2	  M2/M2	 0.385625	-0.726197	 -0.48918	  0
 121	   1	  -1	  -1	  m 	  A2/A2	  M2/M2	 1.154336	-1.351368	  0.04052	  0
 121	   2	  -1	  -1	  f 	  A1/A2	  M1/M2	 1.154336	 1.575929	 -1.03847	  1
 121	   3	   1	   2	  m 	  A2/A2	  M2/M2	 1.651709	 0.282927	 -0.06266	  1
 121	   4	   1	   2	  m 	  A2/A2	  M2/M2	 1.002185	 0.282927	 -0.53173	  0
 121	   5	   1	   2	  f 	  A2/A2	  M1/M2	-0.300182	 0.282927	 -0.14350	  0
 121	   6	  -1	  -1	  f 	  A1/A2	  M1/M1	 1.002185	-0.348208	  0.46997	  0
 121	   7	   4	   6	  m 	  A2/A2	  M1/M2	 2.170428	-0.210575	 -0.05965	  0
 121	   8	   4	   6	  f 	  A1/A2	  M1/M2	 2.187641	-0.210575	  1.26415	  0
 122	   1	  -1	  -1	  m 	  A2/A2	  M2/M2	-0.453273	-0.482823	 -1.59592	  0
 122	   2	  -1	  -1	  f 	  A2/A2	  M2/M2	-0.453273	-0.620906	 -1.76301	  0
 122	   3	   1	   2	  m 	  A2/A2	  M2/M2	 1.304315	-0.443599	 -1.12952	  1
 122	   4	   1	   2	  m 	  A2/A2	  M2/M2	-0.927748	-0.443599	 -1.12627	  0
 122	   5	   1	   2	  f 	  A2/A2	  M2/M2	-0.353520	-0.443599	 -1.56176	  0
 122	   6	  -1	  -1	  f 	  A2/A2	  M2/M2	-0.927748	 0.339883	 -1.79761	  0
 122	   7	   4	   6	  m 	  A2/A2	  M2/M2	 0.124919	-0.168360	 -0.45332	  0
 122	   8	   4	   6	  f 	  A2/A2	  M2/M2	 0.242716	-0.168360	 -0.18557	  0
 123	   1	  -1	  -1	  m 	  A2/A2	  M2/M2	 0.023542	-0.825800	 -1.28782	  0
 123	   2	  -1	  -1	  f 	  A2/A2	  M2/M2	 0.023542	-1.164575	 -1.02804	  0
 123	   3	   1	   2	  m 	  A2/A2	  M2/M2	 0.040987	-1.090440	 -1.50182	  0
 123	   4	   1	   2	  m 	  A2/A2	  M2/M2	-0.413815	-1.090440	 -1.49179	  0
 123	   5	   1	   2	  f 	  A2/A2	  M2/M2	-0.131668	-1.090440	 -1.18576	  0
 123	   6	  -1	  -1	  f 	  A1/A2	  M2/M2	-0.413815	-0.387717	 -0.56852	  0
 123	   7	   4	   6	  m 	  A1/A2	  M2/M2	 1.700348	-0.717803	  1.21577	  0
 123	   8	   4	   6	  f 	  A2/A2	  M2/M2	 0.813592	-0.717803	 -0.11754	  1
 124	   1	  -1	  -1	  m 	  A2/A2	  M2/M2	-0.170304	-1.147841	 -0.04637	  0
 124	   2	  -1	  -1	  f 	  A1/A1	  M2/M2	-0.170304	-0.994372	  0.77411	  0
 124	   3	   1	   2	  m 	  A1/A2	  M2/M2	 0.882296	 0.254312	 -0.17575	  0
 124	   4	   1	   2	  m 	  A1/A2	  M2/M2	 0.877815	 0.254312	  1.26312	  1
 124	   5	   1	   2	  f 	  A1/A2	  M2/M2	 2.428329	 0.254312	  0.47214	  1
 124	   6	  -1	  -1	  f 	  A2/A2	  M2/M2	 0.877815	 1.470701	 -0.11193	  0
 124	   7	   4	   6	  m 	  A2/A2	  M2/M2	 2.864981	-2.077668	  0.03819	  1
 124	   8	   4	   6	  f 	  A2/A2	  M2/M2	-0.931682	-2.077668	 -0.47880	  0
 125	   1	  -1	  -1	  m 	  A2/A2	  M2/M2	 0.166448	-1.699155	 -1.87617	  0
 125	   2	  -1	  -1	  f 	  A2/A2	  M2/M2	 0.166448	 0.620226	 -0.74048	  0
 125	   3	   1	   2	  m 	  A2/A2	  M2/M2	-1.151119	 0.256313	 -1.44350	  0
 125	   4	   1	   2	  m 	  A2/A2	  M2/M2	-0.946739	 0.256313	 -0.40810	  0
 125	   5	   1	   2	  f 	  A2/A2	  M2/M2	 0.389910	 0.256313	 -2.13964	  0
 125	   6	  -1	  -1	  f 	  A1/A2	  M2/M2	-0.946739	 0.135887	 -0.35007	  0
 125	   7	   4	   6	  m 	  A2/A2	  M2/M2	-0.461273	-0.574845	 -1.43962	  0
 125	   8	   4	   6	  f 	  A2/A2	  M2/M2	-0.581539	-0.574845	 -1.00415	  0
