 PID	  ID	 DAD	 MOM	SEX	 LOC_01	 LOC_02	   ENV_01	   ENV_02	     PHEN	AFF
   1	   1	  -1	  -1	  m 	  A2/A2	  M2/M2	 0.704449	 0.229764	 -0.19358	  1
   1	   2	  -1	  -1	  f 	  A1/A2	  M1/M2	 0.600200	 0.229764	 -0.37182	  0
   1	   3	   1	   2	  m 	  A2/A2	  M1/M2	 1.570332	 0.264683	  1.75171	  1
   1	   4	   1	   2	  m 	  A2/A2	  M2/M2	 1.570332	 0.812208	 -0.01781	  0
   1	   5	   1	   2	  f 	  A2/A2	  M1/M2	 1.570332	 1.589685	  0.43017	  0
   2	   1	  -1	  -1	  m 	  A1/A2	  M2/M2	 0.365023	-0.162721	 -0.08944	  0
   2	   2	  -1	  -1	  f 	  A1/A2	  M1/M2	-2.408786	-0.162721	 -1.59112	  0
   2	   3	   1	   2	  m 	  A1/A1	  M2/M2	 0.288367	-0.974501	  0.07790	  0
   2	   4	   1	   2	  m 	  A1/A1	  M1/M2	 0.288367	 0.333654	 -0.04550	  0
   2	   5	   1	   2	  f 	  A1/A2	  M2/M2	 0.288367	 3.873544	  0.51163	  0
   3	   1	  -1	  -1	  m 	  A2/A2	  M2/M2	-0.652976	-0.956044	 -0.48364	  0
   3	   2	  -1	  -1	  f 	  A2/A2	  M1/M2	-0.415349	-0.956044	  0.36941	  0
   3	   3	   1	   2	  m 	  A2/A2	  M1/M2	-0.752504	 1.620277	  1.65662	  0
   3	   4	   1	   2	  m 	  A2/A2	  M1/M2	-0.752504	-1.409089	 -0.22039	  0
   3	   5	   1	   2	  f 	  A2/A2	  M1/M2	-0.752504	-0.438109	 -0.12771	  0
   4	   1	  -1	  -1	  m 	  A1/A2	  M1/M2	 0.684379	 0.924539	 -0.20263	  0
   4	   2	  -1	  -1	  f 	  A2/A2	  M1/M2	-1.376826	 0.924539	 -0.59457	  0
   4	   3	   1	   2	  m 	  A2/A2	  M2/M2	-0.451746	 1.809556	  0.10306	  0
   4	   4	   1	   2	  m 	  A2/A2	  M1/M1	-0.451746	-0.240018	 -0.66424	  0
   4	   5	   1	   2	  f 	  A1/A2	  M1/M2	-0.451746	 0.501087	  0.75183	  0
   5	   1	  -1	  -1	  m 	  A2/A2	  M2/M2	-2.803678	 0.483301	 -0.04892	  0
   5	   2	  -1	  -1	  f 	  A1/A2	  M2/M2	 0.606000	 0.483301	  0.10021	  0
   5	   3	   1	   2	  m 	  A2/A2	  M2/M2	 0.484011	 0.577203	 -0.29092	  0
   5	   4	   1	   2	  m 	  A2/A2	  M2/M2	 0.484011	 0.303280	  0.73159	  0
   5	   5	   1	   2	  f 	  A2/A2	  M2/M2	 0.484011	 0.727158	 -0.06528	  0
   6	   1	  -1	  -1	  m 	  A2/A2	  M2/M2	 0.637297	 1.165748	  0.79449	  0
   6	   2	  -1	  -1	  f 	  A2/A2	  M1/M2	 0.882531	 1.165748	  0.97081	  0
   6	   3	   1	   2	  m 	  A2/A2	  M2/M2	 0.021153	-1.393646	 -0.10722	  0
   6	   4	   1	   2	  m 	  A2/A2	  M2/M2	 0.021153	 0.086121	 -1.01079	  0
   6	   5	   1	   2	  f 	  A2/A2	  M1/M2	 0.021153	-0.258224	 -0.38942	  0
   7	   1	  -1	  -1	  m 	  A2/A2	  M2/M2	-0.313058	-0.524835	 -0.39601	  0
   7	   2	  -1	  -1	  f 	  A2/A2	  M1/M2	-0.264956	-0.524835	 -0.89664	  0
   7	   3	   1	   2	  m 	  A2/A2	  M2/M2	-0.910465	 1.721828	  0.35229	  0
   7	   4	   1	   2	  m 	  A2/A2	  M1/M2	-0.910465	-0.873765	  0.46528	  0
   7	   5	   1	   2	  f 	  A2/A2	  M2/M2	-0.910465	-0.353253	 -0.09623	  0
   8	   1	  -1	  -1	  m 	  A2/A2	  M2/M2	-0.114230	-2.597727	 -0.69200	  0
   8	   2	  -1	  -1	  f 	  A2/A2	  M2/M2	-2.019715	-2.597727	 -1.50621	  0
   8	   3	   1	   2	  m 	  A2/A2	  M2/M2	-0.993256	-0.783691	 -0.55016	  0
   8	   4	   1	   2	  m 	  A2/A2	  M2/M2	-0.993256	 0.299187	 -0.38744	  0
   8	   5	   1	   2	  f 	  A2/A2	  M2/M2	-0.993256	 0.221766	 -1.56424	  0
   9	   1	  -1	  -1	  m 	  A1/A2	  M1/M2	 0.632960	 1.461513	  0.70906	  1
   9	   2	  -1	  -1	  f 	  A2/A2	  M2/M2	 1.056472	 1.461513	  0.51472	  0
   9	   3	   1	   2	  m 	  A2/A2	  M1/M2	-0.151957	-0.735504	 -0.34316	  0
   9	   4	   1	   2	  m 	  A2/A2	  M2/M2	-0.151957	-1.258720	 -0.13205	  0
   9	   5	   1	   2	  f 	  A2/A2	  M2/M2	-0.151957	 0.397048	 -1.10937	  0
  10	   1	  -1	  -1	  m 	  A1/A2	  M2/M2	-1.246246	 1.491376	  0.04529	  0
  10	   2	  -1	  -1	  f 	  A2/A2	  M2/M2	-1.944420	 1.491376	 -0.61526	  0
  10	   3	   1	   2	  m 	  A2/A2	  M2/M2	-1.811334	-0.465769	 -1.11670	  0
  10	   4	   1	   2	  m 	  A2/A2	  M2/M2	-1.811334	-1.052675	 -1.28084	  0
  10	   5	   1	   2	  f 	  A2/A2	  M2/M2	-1.811334	 1.069216	 -1.27967	  0
  11	   1	  -1	  -1	  m 	  A2/A2	  M2/M2	 2.562954	 0.220229	  0.58990	  0
  11	   2	  -1	  -1	  f 	  A1/A2	  M1/M2	-0.005325	 0.220229	 -0.68088	  0
  11	   3	   1	   2	  m 	  A1/A2	  M2/M2	-0.115324	-0.109250	 -0.57635	  0
  11	   4	   1	   2	  m 	  A2/A2	  M1/M2	-0.115324	-1.061585	 -1.98330	  0
  11	   5	   1	   2	  f 	  A2/A2	  M2/M2	-0.115324	 0.853242	 -0.08936	  0
  12	   1	  -1	  -1	  m 	  A2/A2	  M2/M2	 1.722117	 1.789747	  0.90438	  1
  12	   2	  -1	  -1	  f 	  A2/A2	  M1/M2	-0.170614	 1.789747	 -0.77013	  0
  12	   3	   1	   2	  m 	  A2/A2	  M2/M2	-2.232470	 1.380397	 -0.73669	  0
  12	   4	   1	   2	  m 	  A2/A2	  M1/M2	-2.232470	-0.832997	 -1.20486	  0
  12	   5	   1	   2	  f 	  A2/A2	  M2/M2	-2.232470	-0.696146	 -1.13752	  0
  13	   1	  -1	  -1	  m 	  A1/A2	  M1/M2	-1.338722	-0.994468	 -0.67131	  0
  13	   2	  -1	  -1	  f 	  A1/A2	  M2/M2	 0.999410	-0.994468	  0.32896	  1
  13	   3	   1	   2	  m 	  A1/A1	  M2/M2	 0.884202	-0.417935	 -0.42359	  0
  13	   4	   1	   2	  m 	  A1/A1	  M1/M2	 0.884202	 2.230892	  0.32040	  1
  13	   5	   1	   2	  f 	  A1/A2	  M2/M2	 0.884202	-0.322485	  0.18711	  1
  14	   1	  -1	  -1	  m 	  A1/A2	  M2/M2	-0.371395	 1.078865	  1.24168	  0
  14	   2	  -1	  -1	  f 	  A2/A2	  M2/M2	-0.825850	 1.078865	  0.58534	  0
  14	   3	   1	   2	  m 	  A1/A2	  M2/M2	 0.016367	 1.018190	  0.64670	  0
  14	   4	   1	   2	  m 	  A1/A2	  M2/M2	 0.016367	-1.144022	 -0.41655	  0
  14	   5	   1	   2	  f 	  A1/A2	  M2/M2	 0.016367	 0.310880	  0.78472	  1
  15	   1	  -1	  -1	  m 	  A2/A2	  M2/M2	 0.538969	 0.515455	  0.28705	  0
  15	   2	  -1	  -1	  f 	  A2/A2	  M2/M2	-0.958414	 0.515455	  0.11817	  0
  15	   3	   1	   2	  m 	  A2/A2	  M2/M2	-0.594291	-1.490829	 -0.16358	  0
  15	   4	   1	   2	  m 	  A2/A2	  M2/M2	-0.594291	 0.076679	  0.77309	  0
  15	   5	   1	   2	  f 	  A2/A2	  M2/M2	-0.594291	-0.824700	 -0.20786	  0
  16	   1	  -1	  -1	  m 	  A1/A2	  M2/M2	-1.175211	 1.388884	  0.86933	  0
  16	   2	  -1	  -1	  f 	  A2/A2	  M2/M2	 2.380354	 1.388884	  0.83935	  1
  16	   3	   1	   2	  m 	  A1/A2	  M2/M2	 0.759535	-0.941627	 -0.43362	  0
  16	   4	   1	   2	  m 	  A1/A2	  M2/M2	 0.759535	 0.150932	 -0.23437	  0
  16	   5	   1	   2	  f 	  A2/A2	  M2/M2	 0.759535	-0.721026	  0.75579	  0
  17	   1	  -1	  -1	  m 	  A2/A2	  M2/M2	-0.793883	 1.474742	  0.51895	  0
  17	   2	  -1	  -1	  f 	  A1/A2	  M2/M2	-0.796810	 1.474742	  0.14634	  0
  17	   3	   1	   2	  m 	  A2/A2	  M2/M2	 0.117842	 0.424586	 -0.50239	  1
  17	   4	   1	   2	  m 	  A1/A2	  M2/M2	 0.117842	-1.762006	 -0.04645	  0
  17	   5	   1	   2	  f 	  A1/A2	  M2/M2	 0.117842	 2.073739	 -0.00579	  1
  18	   1	  -1	  -1	  m 	  A1/A2	  M2/M2	 1.282474	-0.910261	  0.78507	  0
  18	   2	  -1	  -1	  f 	  A1/A2	  M2/M2	-0.805545	-0.910261	 -0.17943	  0
  18	   3	   1	   2	  m 	  A2/A2	  M2/M2	 1.115967	-0.228028	  1.14578	  1
  18	   4	   1	   2	  m 	  A2/A2	  M2/M2	 1.115967	-0.505995	  0.42282	  0
  18	   5	   1	   2	  f 	  A1/A2	  M2/M2	 1.115967	-0.043678	  0.01735	  0
  19	   1	  -1	  -1	  m 	  A2/A2	  M2/M2	-0.524283	 0.974438	 -0.39264	  0
  19	   2	  -1	  -1	  f 	  A2/A2	  M2/M2	-1.243694	 0.974438	 -1.11888	  0
  19	   3	   1	   2	  m 	  A2/A2	  M2/M2	-0.261420	-0.312272	 -0.02028	  0
  19	   4	   1	   2	  m 	  A2/A2	  M2/M2	-0.261420	 0.685146	  0.98437	  0
  19	   5	   1	   2	  f 	  A2/A2	  M2/M2	-0.261420	-1.502729	 -0.29158	  0
  20	   1	  -1	  -1	  m 	  A1/A2	  M2/M2	-0.177101	 0.801252	  1.21288	  0
  20	   2	  -1	  -1	  f 	  A2/A2	  M2/M2	 2.019384	 0.801252	  1.40267	  0
  20	   3	   1	   2	  m 	  A1/A2	  M2/M2	-1.072019	 1.361856	  0.08117	  1
  20	   4	   1	   2	  m 	  A1/A2	  M2/M2	-1.072019	-1.588198	 -0.96926	  0
  20	   5	   1	   2	  f 	  A1/A2	  M2/M2	-1.072019	-0.819827	 -0.42969	  0
  21	   1	  -1	  -1	  m 	  A2/A2	  M2/M2	-1.108681	 0.190113	 -0.96343	  0
  21	   2	  -1	  -1	  f 	  A2/A2	  M2/M2	-0.260142	 0.190113	 -0.07255	  0
  21	   3	   1	   2	  m 	  A2/A2	  M2/M2	 0.424058	-1.660312	  0.09310	  0
  21	   4	   1	   2	  m 	  A2/A2	  M2/M2	 0.424058	-0.619855	  0.43955	  0
  21	   5	   1	   2	  f 	  A2/A2	  M2/M2	 0.424058	 0.214032	  0.35470	  0
  22	   1	  -1	  -1	  m 	  A1/A2	  M2/M2	-1.368769	-0.623576	 -0.74020	  0
  22	   2	  -1	  -1	  f 	  A2/A2	  M2/M2	 0.439027	-0.623576	 -0.33067	  0
  22	   3	   1	   2	  m 	  A1/A2	  M2/M2	-1.841139	-0.325607	  1.04497	  0
  22	   4	   1	   2	  m 	  A1/A2	  M2/M2	-1.841139	 2.138921	  0.26417	  0
  22	   5	   1	   2	  f 	  A1/A2	  M2/M2	-1.841139	-0.449792	 -1.05044	  0
  23	   1	  -1	  -1	  m 	  A2/A2	  M2/M2	 0.821166	-0.064964	 -0.36790	  0
  23	   2	  -1	  -1	  f 	  A2/A2	  M2/M2	 0.325047	-0.064964	 -0.79860	  0
  23	   3	   1	   2	  m 	  A2/A2	  M2/M2	-0.570722	-0.921071	 -1.28311	  0
  23	   4	   1	   2	  m 	  A2/A2	  M2/M2	-0.570722	 0.608814	  0.21161	  0
  23	   5	   1	   2	  f 	  A2/A2	  M2/M2	-0.570722	 0.171410	  0.12661	  0
  24	   1	  -1	  -1	  m 	  A2/A2	  M1/M1	 1.318181	 0.212186	  0.31250	  1
  24	   2	  -1	  -1	  f 	  A2/A2	  M1/M2	 0.259090	 0.212186	  0.08916	  0
  24	   3	   1	   2	  m 	  A2/A2	  M1/M2	-0.958803	 2.242516	  0.95091	  0
  24	   4	   1	   2	  m 	  A2/A2	  M1/M2	-0.958803	-0.317700	 -0.77013	  0
  24	   5	   1	   2	  f 	  A2/A2	  M1/M1	-0.958803	-0.896190	 -0.35182	  0
  25	   1	  -1	  -1	  m 	  A1/A2	  M1/M2	 0.798756	-1.516390	 -0.22172	  0
  25	   2	  -1	  -1	  f 	  A2/A2	  M1/M2	 0.679394	-1.516390	  0.45723	  0
  25	   3	   1	   2	  m 	  A2/A2	  M1/M1	 0.771456	 0.406903	  0.48947	  0
  25	   4	   1	   2	  m 	  A2/A2	  M2/M2	 0.771456	 0.681131	 -0.12992	  0
  25	   5	   1	   2	  f 	  A2/A2	  M1/M2	 0.771456	-0.191591	  0.45497	  0
  26	   1	  -1	  -1	  m 	  A1/A2	  M2/M2	-1.295974	-0.265768	 -0.46451	  0
  26	   2	  -1	  -1	  f 	  A2/A2	  M1/M1	-0.583300	-0.265768	 -0.50317	  0
  26	   3	   1	   2	  m 	  A1/A2	  M1/M2	 0.311010	-1.140223	  0.79702	  0
  26	   4	   1	   2	  m 	  A1/A2	  M1/M2	 0.311010	 0.704211	 -0.06893	  0
  26	   5	   1	   2	  f 	  A2/A2	  M1/M2	 0.311010	-0.493440	 -0.37944	  0
  27	   1	  -1	  -1	  m 	  A1/A2	  M2/M2	 1.538641	 0.065039	  0.51285	  0
  27	   2	  -1	  -1	  f 	  A2/A2	  M1/M2	 0.738759	 0.065039	  0.19617	  0
  27	   3	   1	   2	  m 	  A2/A2	  M1/M2	-0.273125	-1.521996	 -0.43884	  0
  27	   4	   1	   2	  m 	  A2/A2	  M1/M2	-0.273125	 0.965311	 -0.04320	  0
  27	   5	   1	   2	  f 	  A1/A2	  M2/M2	-0.273125	-0.790414	 -0.14015	  0
  28	   1	  -1	  -1	  m 	  A1/A2	  M2/M2	-1.996525	 1.260232	  0.47186	  0
  28	   2	  -1	  -1	  f 	  A2/A2	  M2/M2	-0.709174	 1.260232	  0.62927	  1
  28	   3	   1	   2	  m 	  A1/A2	  M2/M2	 0.434314	-1.620668	 -0.30187	  0
  28	   4	   1	   2	  m 	  A2/A2	  M2/M2	 0.434314	 0.567376	  0.11979	  0
  28	   5	   1	   2	  f 	  A1/A2	  M2/M2	 0.434314	-0.644925	  0.59678	  0
  29	   1	  -1	  -1	  m 	  A1/A2	  M2/M2	-1.327229	 0.352691	  0.13125	  0
  29	   2	  -1	  -1	  f 	  A2/A2	  M2/M2	 0.970350	 0.352691	  0.08229	  0
  29	   3	   1	   2	  m 	  A2/A2	  M2/M2	 0.512542	-0.369648	 -0.31025	  0
  29	   4	   1	   2	  m 	  A1/A2	  M2/M2	 0.512542	 1.623979	  0.85551	  1
  29	   5	   1	   2	  f 	  A1/A2	  M2/M2	 0.512542	 0.805595	  0.00479	  0
  30	   1	  -1	  -1	  m 	  A1/A2	  M1/M1	 0.180161	-1.930168	 -0.18698	  0
  30	   2	  -1	  -1	  f 	  A2/A2	  M1/M2	 0.489159	-1.930168	 -0.55408	  0
  30	   3	   1	   2	  m 	  A1/A2	  M1/M1	-0.104230	 0.242656	 -0.40649	  0
  30	   4	   1	   2	  m 	  A1/A2	  M1/M1	-0.104230	 0.477530	  0.24651	  0
  30	   5	   1	   2	  f 	  A1/A2	  M1/M1	-0.104230	 0.191751	  0.79198	  0
  31	   1	  -1	  -1	  m 	  A2/A2	  M1/M2	 1.024488	 0.804589	  0.22256	  0
  31	   2	  -1	  -1	  f 	  A2/A2	  M2/M2	-0.981127	 0.804589	 -0.12010	  0
  31	   3	   1	   2	  m 	  A2/A2	  M1/M2	-1.598362	-0.289204	 -0.93769	  0
  31	   4	   1	   2	  m 	  A2/A2	  M1/M2	-1.598362	 0.407373	 -0.34770	  0
  31	   5	   1	   2	  f 	  A2/A2	  M1/M2	-1.598362	 2.532048	 -0.73104	  0
  32	   1	  -1	  -1	  m 	  A1/A2	  M2/M2	-0.115109	 1.356391	 -0.39929	  0
  32	   2	  -1	  -1	  f 	  A1/A2	  M1/M2	-0.620868	 1.356391	  0.44726	  0
  32	   3	   1	   2	  m 	  A2/A2	  M2/M2	-0.450086	 1.658366	  0.18695	  0
  32	   4	   1	   2	  m 	  A1/A2	  M1/M2	-0.450086	-0.202583	 -0.02755	  0
  32	   5	   1	   2	  f 	  A1/A1	  M1/M2	-0.450086	 1.683140	  0.41782	  0
  33	   1	  -1	  -1	  m 	  A2/A2	  M2/M2	 0.967615	-0.748228	  0.90686	  0
  33	   2	  -1	  -1	  f 	  A2/A2	  M2/M2	-0.302418	-0.748228	 -0.08759	  0
  33	   3	   1	   2	  m 	  A2/A2	  M2/M2	 1.068669	-2.260027	  0.54201	  0
  33	   4	   1	   2	  m 	  A2/A2	  M2/M2	 1.068669	-2.656167	 -1.20799	  0
  33	   5	   1	   2	  f 	  A2/A2	  M2/M2	 1.068669	-0.707731	  0.42108	  0
  34	   1	  -1	  -1	  m 	  A2/A2	  M2/M2	-0.998420	-0.548693	 -0.73576	  0
  34	   2	  -1	  -1	  f 	  A2/A2	  M2/M2	 1.382715	-0.548693	  0.67397	  0
  34	   3	   1	   2	  m 	  A2/A2	  M2/M2	 0.156784	-1.619911	 -0.76821	  0
  34	   4	   1	   2	  m 	  A2/A2	  M2/M2	 0.156784	 0.289231	 -0.27639	  0
  34	   5	   1	   2	  f 	  A2/A2	  M2/M2	 0.156784	-0.394564	 -0.40217	  0
  35	   1	  -1	  -1	  m 	  A2/A2	  M2/M2	 0.996178	-0.688561	 -1.33534	  0
  35	   2	  -1	  -1	  f 	  A2/A2	  M2/M2	-0.365293	-0.688561	 -0.00847	  0
  35	   3	   1	   2	  m 	  A2/A2	  M2/M2	-0.530681	-1.066353	 -0.92001	  0
  35	   4	   1	   2	  m 	  A2/A2	  M2/M2	-0.530681	 2.119596	  1.00032	  0
  35	   5	   1	   2	  f 	  A2/A2	  M2/M2	-0.530681	-0.232277	  0.57746	  0
  36	   1	  -1	  -1	  m 	  A2/A2	  M2/M2	-0.486019	 0.393758	 -0.13723	  0
  36	   2	  -1	  -1	  f 	  A2/A2	  M2/M2	-0.939088	 0.393758	 -0.24677	  0
  36	   3	   1	   2	  m 	  A2/A2	  M2/M2	-0.297288	 0.726041	  0.14274	  0
  36	   4	   1	   2	  m 	  A2/A2	  M2/M2	-0.297288	 1.587315	  0.56013	  0
  36	   5	   1	   2	  f 	  A2/A2	  M2/M2	-0.297288	 1.440299	 -0.06186	  1
  37	   1	  -1	  -1	  m 	  A1/A2	  M2/M2	 0.430798	 1.279155	  0.39114	  0
  37	   2	  -1	  -1	  f 	  A2/A2	  M1/M1	-0.990934	 1.279155	 -0.39992	  0
  37	   3	   1	   2	  m 	  A1/A2	  M1/M2	 0.576022	-1.073648	 -0.67158	  0
  37	   4	   1	   2	  m 	  A2/A2	  M1/M2	 0.576022	 0.318704	  0.11363	  0
  37	   5	   1	   2	  f 	  A2/A2	  M1/M2	 0.576022	-1.020465	 -0.02450	  0
  38	   1	  -1	  -1	  m 	  A1/A2	  M1/M2	-0.476147	 0.016082	 -0.67535	  0
  38	   2	  -1	  -1	  f 	  A2/A2	  M1/M1	 0.142393	 0.016082	 -0.55598	  0
  38	   3	   1	   2	  m 	  A1/A2	  M1/M2	-2.830517	 1.372003	 -0.88488	  0
  38	   4	   1	   2	  m 	  A2/A2	  M1/M2	-2.830517	-0.996276	 -0.71966	  0
  38	   5	   1	   2	  f 	  A1/A2	  M1/M1	-2.830517	-1.038174	 -1.39247	  0
  39	   1	  -1	  -1	  m 	  A2/A2	  M1/M2	 1.142635	-0.157371	  0.18612	  0
  39	   2	  -1	  -1	  f 	  A1/A1	  M2/M2	 0.772224	-0.157371	 -0.16373	  0
  39	   3	   1	   2	  m 	  A1/A2	  M1/M2	-0.027273	-2.139751	 -0.63849	  0
  39	   4	   1	   2	  m 	  A1/A2	  M1/M2	-0.027273	-0.202710	 -0.75235	  0
  39	   5	   1	   2	  f 	  A1/A2	  M2/M2	-0.027273	 0.639575	  0.09813	  1
  40	   1	  -1	  -1	  m 	  A2/A2	  M1/M2	-1.453436	 1.645017	 -0.15952	  0
  40	   2	  -1	  -1	  f 	  A2/A2	  M2/M2	 0.887256	 1.645017	 -0.00666	  0
  40	   3	   1	   2	  m 	  A2/A2	  M2/M2	 1.237522	 0.699570	  0.55746	  1
  40	   4	   1	   2	  m 	  A2/A2	  M1/M2	 1.237522	-1.130877	  0.07686	  0
  40	   5	   1	   2	  f 	  A2/A2	  M1/M2	 1.237522	 0.621279	  0.93737	  1
  41	   1	  -1	  -1	  m 	  A2/A2	  M2/M2	-0.850550	-0.314810	 -0.07881	  0
  41	   2	  -1	  -1	  f 	  A2/A2	  M1/M2	 0.016065	-0.314810	 -1.10299	  0
  41	   3	   1	   2	  m 	  A2/A2	  M1/M2	 0.951700	 0.694114	  0.58189	  0
  41	   4	   1	   2	  m 	  A2/A2	  M2/M2	 0.951700	 0.840289	  1.06265	  0
  41	   5	   1	   2	  f 	  A2/A2	  M1/M2	 0.951700	-0.003247	  0.34500	  0
  42	   1	  -1	  -1	  m 	  A2/A2	  M2/M2	 0.365049	-0.891823	 -0.29569	  0
  42	   2	  -1	  -1	  f 	  A2/A2	  M2/M2	-0.571045	-0.891823	  0.38328	  0
  42	   3	   1	   2	  m 	  A2/A2	  M2/M2	-0.208634	 1.760742	  0.49272	  0
  42	   4	   1	   2	  m 	  A2/A2	  M2/M2	-0.208634	-0.298594	 -0.74486	  0
  42	   5	   1	   2	  f 	  A2/A2	  M2/M2	-0.208634	-0.295334	 -0.01975	  0
  43	   1	  -1	  -1	  m 	  A2/A2	  M2/M2	 0.942111	-0.631390	  0.10857	  0
  43	   2	  -1	  -1	  f 	  A2/A2	  M2/M2	 0.600537	-0.631390	 -0.70045	  0
  43	   3	   1	   2	  m 	  A2/A2	  M2/M2	-0.129465	-0.067907	 -1.10660	  0
  43	   4	   1	   2	  m 	  A2/A2	  M2/M2	-0.129465	-1.054346	 -0.92477	  0
  43	   5	   1	   2	  f 	  A2/A2	  M2/M2	-0.129465	-0.167214	 -0.28380	  0
  44	   1	  -1	  -1	  m 	  A2/A2	  M1/M2	 0.131073	-0.045928	  0.38351	  0
  44	   2	  -1	  -1	  f 	  A2/A2	  M2/M2	 0.005816	-0.045928	 -0.01668	  0
  44	   3	   1	   2	  m 	  A2/A2	  M1/M2	 1.014933	 1.010121	  0.19967	  0
  44	   4	   1	   2	  m 	  A2/A2	  M2/M2	 1.014933	-0.802629	 -0.96708	  0
  44	   5	   1	   2	  f 	  A2/A2	  M2/M2	 1.014933	 0.604759	 -0.22122	  0
  45	   1	  -1	  -1	  m 	  A1/A2	  M2/M2	 0.257391	 0.167240	  0.89429	  0
  45	   2	  -1	  -1	  f 	  A2/A2	  M1/M1	 1.172969	 0.167240	 -0.43814	  0
  45	   3	   1	   2	  m 	  A1/A2	  M1/M2	 1.368133	-0.625769	  0.44516	  0
  45	   4	   1	   2	  m 	  A1/A2	  M1/M2	 1.368133	 0.333105	  0.12862	  0
  45	   5	   1	   2	  f 	  A1/A2	  M1/M2	 1.368133	 0.174711	  0.24824	  0
  46	   1	  -1	  -1	  m 	  A2/A2	  M2/M2	-0.191871	-0.497881	 -0.95032	  0
  46	   2	  -1	  -1	  f 	  A1/A2	  M2/M2	-0.105100	-0.497881	 -0.00376	  0
  46	   3	   1	   2	  m 	  A1/A2	  M2/M2	 0.429039	 0.783459	  0.44900	  0
  46	   4	   1	   2	  m 	  A2/A2	  M2/M2	 0.429039	-0.422484	  0.55822	  0
  46	   5	   1	   2	  f 	  A2/A2	  M2/M2	 0.429039	-0.634310	 -0.04877	  0
  47	   1	  -1	  -1	  m 	  A2/A2	  M2/M2	-0.072497	 0.494165	  0.20154	  0
  47	   2	  -1	  -1	  f 	  A1/A2	  M2/M2	-0.745518	 0.494165	 -1.00837	  0
  47	   3	   1	   2	  m 	  A2/A2	  M2/M2	 0.523049	-0.537289	 -0.49789	  0
  47	   4	   1	   2	  m 	  A2/A2	  M2/M2	 0.523049	 1.011887	  0.46450	  0
  47	   5	   1	   2	  f 	  A1/A2	  M2/M2	 0.523049	-0.145934	 -0.46993	  0
  48	   1	  -1	  -1	  m 	  A2/A2	  M1/M2	 0.609653	-1.258948	  0.02484	  0
  48	   2	  -1	  -1	  f 	  A1/A2	  M1/M2	 0.974355	-1.258948	 -0.26139	  0
  48	   3	   1	   2	  m 	  A2/A2	  M1/M2	-0.118602	-0.680707	 -0.75941	  0
  48	   4	   1	   2	  m 	  A1/A2	  M1/M2	-0.118602	-0.645019	 -0.09433	  0
  48	   5	   1	   2	  f 	  A1/A2	  M1/M1	-0.118602	-1.002217	  0.10166	  0
  49	   1	  -1	  -1	  m 	  A1/A2	  M2/M2	 0.520194	-0.462448	  0.11007	  0
  49	   2	  -1	  -1	  f 	  A1/A2	  M1/M2	 0.748681	-0.462448	  0.67540	  1
  49	   3	   1	   2	  m 	  A1/A1	  M1/M2	 1.050128	 0.818964	  1.48075	  0
  49	   4	   1	   2	  m 	  A2/A2	  M2/M2	 1.050128	-0.359316	  0.35604	  1
  49	   5	   1	   2	  f 	  A1/A2	  M2/M2	 1.050128	-0.883567	  0.09087	  0
  50	   1	  -1	  -1	  m 	  A2/A2	  M1/M2	 1.080971	 2.622764	  0.24435	  1
  50	   2	  -1	  -1	  f 	  A2/A2	  M2/M2	 1.793952	 2.622764	  0.53208	  1
  50	   3	   1	   2	  m 	  A2/A2	  M1/M2	 0.351292	-0.058866	  1.03580	  0
  50	   4	   1	   2	  m 	  A2/A2	  M2/M2	 0.351292	-1.110133	  0.43134	  0
  50	   5	   1	   2	  f 	  A2/A2	  M2/M2	 0.351292	 1.126458	  0.88884	  1
  51	   1	  -1	  -1	  m 	  A2/A2	  M1/M2	-0.012053	 1.248910	  0.18757	  0
  51	   2	  -1	  -1	  f 	  A2/A2	  M1/M2	 0.030741	 1.248910	  0.68726	  0
  51	   3	   1	   2	  m 	  A2/A2	  M2/M2	-1.548879	 0.259664	 -0.96350	  0
  51	   4	   1	   2	  m 	  A2/A2	  M1/M2	-1.548879	-0.287398	 -1.34006	  0
  51	   5	   1	   2	  f 	  A2/A2	  M1/M2	-1.548879	-0.019919	 -0.09669	  0
  52	   1	  -1	  -1	  m 	  A1/A2	  M1/M2	 2.164782	-0.748159	  0.51955	  0
  52	   2	  -1	  -1	  f 	  A1/A2	  M2/M2	-0.402847	-0.748159	 -0.26103	  0
  52	   3	   1	   2	  m 	  A1/A2	  M1/M2	-2.741314	 0.274019	 -0.54842	  0
  52	   4	   1	   2	  m 	  A1/A2	  M2/M2	-2.741314	-0.533850	 -0.11541	  0
  52	   5	   1	   2	  f 	  A1/A2	  M1/M2	-2.741314	 0.398769	 -1.72985	  0
  53	   1	  -1	  -1	  m 	  A2/A2	  M1/M2	 0.187653	 1.019164	  0.00097	  0
  53	   2	  -1	  -1	  f 	  A2/A2	  M1/M2	-1.047708	 1.019164	 -0.15494	  0
  53	   3	   1	   2	  m 	  A2/A2	  M1/M2	 1.509713	-0.022063	  0.27810	  0
  53	   4	   1	   2	  m 	  A2/A2	  M1/M2	 1.509713	-1.586963	  0.39317	  0
  53	   5	   1	   2	  f 	  A2/A2	  M1/M1	 1.509713	 0.885557	 -0.71686	  1
  54	   1	  -1	  -1	  m 	  A1/A1	  M1/M2	-1.122202	-1.365955	 -0.37036	  0
  54	   2	  -1	  -1	  f 	  A1/A2	  M2/M2	-1.369444	-1.365955	 -0.00314	  0
  54	   3	   1	   2	  m 	  A1/A1	  M2/M2	 0.107165	 0.470176	  0.72197	  0
  54	   4	   1	   2	  m 	  A1/A2	  M1/M2	 0.107165	-0.257305	  0.59756	  0
  54	   5	   1	   2	  f 	  A1/A2	  M1/M2	 0.107165	-1.892291	  0.59171	  0
  55	   1	  -1	  -1	  m 	  A2/A2	  M2/M2	 0.667973	 0.183531	  0.87603	  1
  55	   2	  -1	  -1	  f 	  A2/A2	  M2/M2	-0.118237	 0.183531	  0.16856	  0
  55	   3	   1	   2	  m 	  A2/A2	  M2/M2	-0.704046	 0.171268	  0.17190	  0
  55	   4	   1	   2	  m 	  A2/A2	  M2/M2	-0.704046	 1.589911	 -0.27956	  0
  55	   5	   1	   2	  f 	  A2/A2	  M2/M2	-0.704046	 0.730263	 -0.26448	  0
  56	   1	  -1	  -1	  m 	  A1/A2	  M2/M2	-1.248417	 0.845931	 -0.13745	  0
  56	   2	  -1	  -1	  f 	  A2/A2	  M2/M2	 1.455357	 0.845931	  0.19314	  0
  56	   3	   1	   2	  m 	  A1/A2	  M2/M2	 0.258071	 0.430161	 -0.65111	  0
  56	   4	   1	   2	  m 	  A2/A2	  M2/M2	 0.258071	 0.804217	 -0.34668	  0
  56	   5	   1	   2	  f 	  A1/A2	  M2/M2	 0.258071	 1.511486	  0.09126	  0
  57	   1	  -1	  -1	  m 	  A2/A2	  M1/M2	 1.358195	 1.070039	  1.48422	  0
  57	   2	  -1	  -1	  f 	  A2/A2	  M2/M2	-0.114900	 1.070039	 -0.27564	  0
  57	   3	   1	   2	  m 	  A2/A2	  M2/M2	 0.624974	-1.029955	  0.41868	  0
  57	   4	   1	   2	  m 	  A2/A2	  M1/M2	 0.624974	-0.013160	  0.06677	  0
  57	   5	   1	   2	  f 	  A2/A2	  M1/M2	 0.624974	 0.753860	 -0.63989	  0
  58	   1	  -1	  -1	  m 	  A2/A2	  M2/M2	 0.951222	-1.842790	 -0.45153	  0
  58	   2	  -1	  -1	  f 	  A2/A2	  M2/M2	 0.360661	-1.842790	  0.18083	  0
  58	   3	   1	   2	  m 	  A2/A2	  M2/M2	 0.634672	 0.558064	  0.39757	  0
  58	   4	   1	   2	  m 	  A2/A2	  M2/M2	 0.634672	-0.131159	  0.30894	  0
  58	   5	   1	   2	  f 	  A2/A2	  M2/M2	 0.634672	 3.035784	  0.42104	  1
  59	   1	  -1	  -1	  m 	  A2/A2	  M2/M2	-1.298418	-0.379781	 -0.25127	  0
  59	   2	  -1	  -1	  f 	  A2/A2	  M2/M2	 1.114377	-0.379781	  0.32895	  0
  59	   3	   1	   2	  m 	  A2/A2	  M2/M2	-0.005070	 1.730276	  0.34674	  0
  59	   4	   1	   2	  m 	  A2/A2	  M2/M2	-0.005070	 0.947954	  0.81253	  0
  59	   5	   1	   2	  f 	  A2/A2	  M2/M2	-0.005070	-1.168749	  0.30957	  0
  60	   1	  -1	  -1	  m 	  A1/A2	  M2/M2	-0.408924	-1.951726	 -0.78855	  0
  60	   2	  -1	  -1	  f 	  A2/A2	  M2/M2	 0.596722	-1.951726	  0.97832	  0
  60	   3	   1	   2	  m 	  A1/A2	  M2/M2	 0.071603	-0.612273	 -0.47321	  0
  60	   4	   1	   2	  m 	  A2/A2	  M2/M2	 0.071603	-0.362710	 -0.71474	  0
  60	   5	   1	   2	  f 	  A2/A2	  M2/M2	 0.071603	 0.328593	 -0.30511	  0
  61	   1	  -1	  -1	  m 	  A1/A2	  M2/M2	 0.184995	 1.419178	  0.73766	  0
  61	   2	  -1	  -1	  f 	  A2/A2	  M1/M2	-1.851707	 1.419178	 -0.92425	  0
  61	   3	   1	   2	  m 	  A1/A2	  M1/M2	-1.046517	 0.492839	  0.22850	  0
  61	   4	   1	   2	  m 	  A2/A2	  M2/M2	-1.046517	-0.565265	 -0.39167	  0
  61	   5	   1	   2	  f 	  A1/A2	  M1/M2	-1.046517	 1.206938	  0.66457	  0
  62	   1	  -1	  -1	  m 	  A2/A2	  M2/M2	-1.685882	-1.439871	 -0.39813	  0
  62	   2	  -1	  -1	  f 	  A1/A2	  M1/M2	 1.200087	-1.439871	 -0.12551	  0
  62	   3	   1	   2	  m 	  A1/A2	  M1/M2	 0.390986	-0.102496	 -0.16016	  0
  62	   4	   1	   2	  m 	  A1/A2	  M1/M2	 0.390986	-0.079969	  0.07018	  0
  62	   5	   1	   2	  f 	  A1/A2	  M1/M2	 0.390986	-0.437368	 -0.24348	  0
  63	   1	  -1	  -1	  m 	  A1/A2	  M2/M2	-0.108834	 0.577770	  0.61089	  1
  63	   2	  -1	  -1	  f 	  A2/A2	  M2/M2	-0.791893	 0.577770	 -0.43256	  0
  63	   3	   1	   2	  m 	  A1/A2	  M2/M2	 2.934533	-0.274501	  0.71021	  0
  63	   4	   1	   2	  m 	  A1/A2	  M2/M2	 2.934533	-0.176083	  1.22135	  0
  63	   5	   1	   2	  f 	  A2/A2	  M2/M2	 2.934533	 0.666802	  0.54418	  0
  64	   1	  -1	  -1	  m 	  A2/A2	  M1/M2	 1.038043	-0.487393	 -0.82934	  0
  64	   2	  -1	  -1	  f 	  A2/A2	  M2/M2	 0.985108	-0.487393	  0.44234	  1
  64	   3	   1	   2	  m 	  A2/A2	  M2/M2	-2.944946	 0.971575	 -1.26045	  0
  64	   4	   1	   2	  m 	  A2/A2	  M1/M2	-2.944946	 1.279221	 -0.42972	  0
  64	   5	   1	   2	  f 	  A2/A2	  M2/M2	-2.944946	-0.183002	 -0.62304	  0
  65	   1	  -1	  -1	  m 	  A2/A2	  M2/M2	 0.122933	-0.835478	 -0.75726	  0
  65	   2	  -1	  -1	  f 	  A2/A2	  M1/M2	-0.907392	-0.835478	 -0.70162	  0
  65	   3	   1	   2	  m 	  A2/A2	  M1/M2	-1.163989	 0.086922	  0.62884	  0
  65	   4	   1	   2	  m 	  A2/A2	  M1/M2	-1.163989	 0.123844	 -0.62918	  0
  65	   5	   1	   2	  f 	  A2/A2	  M1/M2	-1.163989	-1.256074	 -0.24080	  1
  66	   1	  -1	  -1	  m 	  A2/A2	  M1/M1	 0.281746	-0.501474	 -0.50257	  0
  66	   2	  -1	  -1	  f 	  A2/A2	  M2/M2	-0.066262	-0.501474	 -0.50465	  0
  66	   3	   1	   2	  m 	  A2/A2	  M1/M2	-0.687163	-0.132254	 -0.25266	  0
  66	   4	   1	   2	  m 	  A2/A2	  M1/M2	-0.687163	-1.368898	 -0.70119	  0
  66	   5	   1	   2	  f 	  A2/A2	  M1/M2	-0.687163	-1.720478	  0.74679	  0
  67	   1	  -1	  -1	  m 	  A2/A2	  M2/M2	 0.780150	 0.891790	 -0.25369	  0
  67	   2	  -1	  -1	  f 	  A2/A2	  M1/M2	-1.031315	 0.891790	 -0.87441	  0
  67	   3	   1	   2	  m 	  A2/A2	  M2/M2	-0.105883	 0.144091	  0.52534	  0
  67	   4	   1	   2	  m 	  A2/A2	  M2/M2	-0.105883	-1.143066	 -0.25968	  0
  67	   5	   1	   2	  f 	  A2/A2	  M2/M2	-0.105883	 0.234668	 -0.47958	  0
  68	   1	  -1	  -1	  m 	  A1/A1	  M2/M2	 0.609561	-0.164013	 -0.48190	  0
  68	   2	  -1	  -1	  f 	  A2/A2	  M2/M2	-0.037121	-0.164013	 -0.29990	  0
  68	   3	   1	   2	  m 	  A1/A2	  M2/M2	-0.596196	 1.072431	  0.12573	  0
  68	   4	   1	   2	  m 	  A1/A2	  M2/M2	-0.596196	-2.466877	 -0.44401	  0
  68	   5	   1	   2	  f 	  A1/A2	  M2/M2	-0.596196	-0.125653	 -0.97367	  0
  69	   1	  -1	  -1	  m 	  A2/A2	  M2/M2	-1.313542	 0.611436	 -0.43837	  0
  69	   2	  -1	  -1	  f 	  A1/A2	  M2/M2	-1.279176	 0.611436	  0.79559	  0
  69	   3	   1	   2	  m 	  A1/A2	  M2/M2	-0.384427	-0.263810	  0.00748	  0
  69	   4	   1	   2	  m 	  A2/A2	  M2/M2	-0.384427	-0.037690	 -0.20682	  0
  69	   5	   1	   2	  f 	  A2/A2	  M2/M2	-0.384427	 2.020769	  1.11705	  0
  70	   1	  -1	  -1	  m 	  A2/A2	  M1/M2	-0.872093	 0.809571	 -1.04256	  0
  70	   2	  -1	  -1	  f 	  A2/A2	  M1/M2	 0.297445	 0.809571	  0.12011	  0
  70	   3	   1	   2	  m 	  A2/A2	  M2/M2	 0.622437	 0.131060	 -0.97266	  0
  70	   4	   1	   2	  m 	  A2/A2	  M2/M2	 0.622437	-0.363081	  0.85171	  0
  70	   5	   1	   2	  f 	  A2/A2	  M1/M2	 0.622437	-1.906986	 -1.55901	  0
  71	   1	  -1	  -1	  m 	  A1/A2	  M2/M2	-2.707099	-0.465627	 -1.75504	  0
  71	   2	  -1	  -1	  f 	  A1/A2	  M2/M2	 1.166869	-0.465627	  0.10564	  0
  71	   3	   1	   2	  m 	  A2/A2	  M2/M2	 1.536403	 0.032181	 -0.16544	  0
  71	   4	   1	   2	  m 	  A1/A1	  M2/M2	 1.536403	 0.137630	  0.27513	  0
  71	   5	   1	   2	  f 	  A1/A1	  M2/M2	 1.536403	 0.370747	 -0.11214	  1
  72	   1	  -1	  -1	  m 	  A2/A2	  M2/M2	 1.469915	-0.449176	  0.07156	  1
  72	   2	  -1	  -1	  f 	  A2/A2	  M1/M2	 0.299249	-0.449176	 -0.35087	  0
  72	   3	   1	   2	  m 	  A2/A2	  M1/M2	 1.427602	-0.625356	  0.31816	  0
  72	   4	   1	   2	  m 	  A2/A2	  M1/M2	 1.427602	 1.268764	  0.96064	  1
  72	   5	   1	   2	  f 	  A2/A2	  M2/M2	 1.427602	 0.202799	  0.82274	  0
  73	   1	  -1	  -1	  m 	  A1/A2	  M1/M1	 0.409747	 1.010309	  0.85979	  0
  73	   2	  -1	  -1	  f 	  A2/A2	  M2/M2	-0.732639	 1.010309	 -0.42765	  0
  73	   3	   1	   2	  m 	  A2/A2	  M1/M2	-1.028338	-0.617305	 -0.69729	  0
  73	   4	   1	   2	  m 	  A2/A2	  M1/M2	-1.028338	-2.638110	 -0.21552	  0
  73	   5	   1	   2	  f 	  A1/A2	  M1/M2	-1.028338	-1.848097	 -0.81144	  0
  74	   1	  -1	  -1	  m 	  A2/A2	  M2/M2	 1.359634	 0.586979	  0.12546	  0
  74	   2	  -1	  -1	  f 	  A2/A2	  M2/M2	 0.913054	 0.586979	  0.25707	  0
  74	   3	   1	   2	  m 	  A2/A2	  M2/M2	-0.124975	 0.330211	 -0.32596	  0
  74	   4	   1	   2	  m 	  A2/A2	  M2/M2	-0.124975	-0.100876	 -0.30870	  0
  74	   5	   1	   2	  f 	  A2/A2	  M2/M2	-0.124975	 0.548653	 -0.24167	  0
  75	   1	  -1	  -1	  m 	  A2/A2	  M2/M2	-0.408680	 0.902132	  0.64126	  1
  75	   2	  -1	  -1	  f 	  A2/A2	  M1/M2	 0.929008	 0.902132	 -0.46525	  1
  75	   3	   1	   2	  m 	  A2/A2	  M2/M2	 0.127751	 0.496504	 -0.22623	  0
  75	   4	   1	   2	  m 	  A2/A2	  M2/M2	 0.127751	-1.969712	 -0.25127	  0
  75	   5	   1	   2	  f 	  A2/A2	  M1/M2	 0.127751	 0.540710	  0.09684	  0
  76	   1	  -1	  -1	  m 	  A1/A2	  M2/M2	-1.112750	 0.300248	  0.06846	  0
  76	   2	  -1	  -1	  f 	  A1/A2	  M2/M2	-1.535852	 0.300248	  0.22022	  0
  76	   3	   1	   2	  m 	  A1/A2	  M2/M2	-1.118695	-0.667634	 -0.02103	  0
  76	   4	   1	   2	  m 	  A1/A2	  M2/M2	-1.118695	 0.724595	  0.21885	  0
  76	   5	   1	   2	  f 	  A1/A1	  M2/M2	-1.118695	 0.093929	 -1.26558	  0
  77	   1	  -1	  -1	  m 	  A2/A2	  M1/M2	-2.076653	-0.282183	 -0.81778	  0
  77	   2	  -1	  -1	  f 	  A2/A2	  M2/M2	 0.523253	-0.282183	 -0.66797	  0
  77	   3	   1	   2	  m 	  A2/A2	  M1/M2	-0.447884	 0.952806	  0.49937	  0
  77	   4	   1	   2	  m 	  A2/A2	  M2/M2	-0.447884	-0.691673	 -1.58871	  0
  77	   5	   1	   2	  f 	  A2/A2	  M2/M2	-0.447884	 1.366014	 -0.79925	  0
  78	   1	  -1	  -1	  m 	  A1/A2	  M1/M2	 0.713576	-1.391206	  1.41730	  1
  78	   2	  -1	  -1	  f 	  A2/A2	  M2/M2	 0.225401	-1.391206	 -0.10977	  0
  78	   3	   1	   2	  m 	  A2/A2	  M1/M2	-0.512648	 0.013528	  0.27239	  0
  78	   4	   1	   2	  m 	  A2/A2	  M1/M2	-0.512648	 0.085154	 -0.21932	  0
  78	   5	   1	   2	  f 	  A1/A2	  M2/M2	-0.512648	 1.184614	  0.28750	  0
  79	   1	  -1	  -1	  m 	  A2/A2	  M1/M2	 0.341101	 1.100459	  0.10026	  0
  79	   2	  -1	  -1	  f 	  A2/A2	  M2/M2	-0.388603	 1.100459	 -0.11701	  0
  79	   3	   1	   2	  m 	  A2/A2	  M2/M2	-1.062125	-0.716408	 -1.04488	  0
  79	   4	   1	   2	  m 	  A2/A2	  M2/M2	-1.062125	 1.012708	 -0.59893	  0
  79	   5	   1	   2	  f 	  A2/A2	  M1/M2	-1.062125	 0.291360	  0.00249	  0
  80	   1	  -1	  -1	  m 	  A1/A2	  M2/M2	 1.217784	 0.004501	 -1.71670	  0
  80	   2	  -1	  -1	  f 	  A2/A2	  M2/M2	 0.843858	 0.004501	  0.22572	  1
  80	   3	   1	   2	  m 	  A2/A2	  M2/M2	-1.654773	-0.190597	  0.39373	  0
  80	   4	   1	   2	  m 	  A2/A2	  M2/M2	-1.654773	 1.312390	 -0.30697	  0
  80	   5	   1	   2	  f 	  A2/A2	  M2/M2	-1.654773	 0.628609	 -0.29398	  0
  81	   1	  -1	  -1	  m 	  A2/A2	  M2/M2	-3.124575	-0.396089	 -0.69220	  0
  81	   2	  -1	  -1	  f 	  A1/A2	  M2/M2	-0.280824	-0.396089	  0.90556	  0
  81	   3	   1	   2	  m 	  A1/A2	  M2/M2	 0.225237	 1.604620	  0.25133	  1
  81	   4	   1	   2	  m 	  A2/A2	  M2/M2	 0.225237	-1.162934	  0.08862	  0
  81	   5	   1	   2	  f 	  A2/A2	  M2/M2	 0.225237	-1.123243	 -0.03407	  0
  82	   1	  -1	  -1	  m 	  A1/A1	  M2/M2	 0.792790	 1.156820	 -0.22440	  1
  82	   2	  -1	  -1	  f 	  A1/A2	  M2/M2	 0.546079	 1.156820	 -0.10836	  1
  82	   3	   1	   2	  m 	  A1/A1	  M2/M2	-1.419840	 0.528646	 -0.60374	  0
  82	   4	   1	   2	  m 	  A1/A2	  M2/M2	-1.419840	 0.464497	  0.01002	  0
  82	   5	   1	   2	  f 	  A1/A1	  M2/M2	-1.419840	 0.267990	 -0.76836	  0
  83	   1	  -1	  -1	  m 	  A2/A2	  M2/M2	 0.157152	-0.789494	  0.38156	  0
  83	   2	  -1	  -1	  f 	  A2/A2	  M2/M2	-0.916729	-0.789494	 -1.12005	  0
  83	   3	   1	   2	  m 	  A2/A2	  M2/M2	 0.795286	-1.063714	  0.35447	  0
  83	   4	   1	   2	  m 	  A2/A2	  M2/M2	 0.795286	 0.226141	 -0.81733	  0
  83	   5	   1	   2	  f 	  A2/A2	  M2/M2	 0.795286	 0.614850	  0.70844	  0
  84	   1	  -1	  -1	  m 	  A2/A2	  M1/M2	-0.116089	 0.375769	  0.11486	  0
  84	   2	  -1	  -1	  f 	  A1/A2	  M2/M2	 0.378385	 0.375769	  0.67454	  0
  84	   3	   1	   2	  m 	  A2/A2	  M1/M2	 0.676239	 0.838465	  0.00435	  0
  84	   4	   1	   2	  m 	  A1/A2	  M2/M2	 0.676239	 1.603878	  0.08540	  0
  84	   5	   1	   2	  f 	  A2/A2	  M1/M2	 0.676239	-0.716630	 -0.21581	  0
  85	   1	  -1	  -1	  m 	  A2/A2	  M2/M2	-0.920013	 1.731805	  0.01620	  0
  85	   2	  -1	  -1	  f 	  A2/A2	  M1/M1	 0.633756	 1.731805	  0.23734	  0
  85	   3	   1	   2	  m 	  A2/A2	  M1/M2	 1.584641	 2.312406	  1.55542	  1
  85	   4	   1	   2	  m 	  A2/A2	  M1/M2	 1.584641	-1.773739	  0.24179	  0
  85	   5	   1	   2	  f 	  A2/A2	  M1/M2	 1.584641	 1.322849	  1.00670	  1
  86	   1	  -1	  -1	  m 	  A2/A2	  M2/M2	-0.984077	-0.064539	 -0.63897	  0
  86	   2	  -1	  -1	  f 	  A2/A2	  M2/M2	 1.736498	-0.064539	  0.01287	  0
  86	   3	   1	   2	  m 	  A2/A2	  M2/M2	-0.711627	-1.102495	 -0.21492	  0
  86	   4	   1	   2	  m 	  A2/A2	  M2/M2	-0.711627	-0.594504	 -1.44630	  0
  86	   5	   1	   2	  f 	  A2/A2	  M2/M2	-0.711627	-0.549135	 -0.14195	  0
  87	   1	  -1	  -1	  m 	  A2/A2	  M2/M2	-0.162002	 0.848257	 -0.21503	  0
  87	   2	  -1	  -1	  f 	  A1/A2	  M1/M2	 1.475892	 0.848257	  0.65443	  0
  87	   3	   1	   2	  m 	  A2/A2	  M1/M2	-1.460755	 1.572411	 -0.24574	  0
  87	   4	   1	   2	  m 	  A2/A2	  M2/M2	-1.460755	 1.235324	 -0.48917	  0
  87	   5	   1	   2	  f 	  A2/A2	  M2/M2	-1.460755	 0.015827	 -0.93127	  0
  88	   1	  -1	  -1	  m 	  A2/A2	  M2/M2	-1.052483	 0.610838	  0.67763	  0
  88	   2	  -1	  -1	  f 	  A2/A2	  M2/M2	 0.580510	 0.610838	  0.26628	  0
  88	   3	   1	   2	  m 	  A2/A2	  M2/M2	 0.938897	 1.145700	  0.18553	  0
  88	   4	   1	   2	  m 	  A2/A2	  M2/M2	 0.938897	 1.427923	  0.22594	  0
  88	   5	   1	   2	  f 	  A2/A2	  M2/M2	 0.938897	-1.016150	  0.40396	  0
  89	   1	  -1	  -1	  m 	  A2/A2	  M2/M2	 0.617327	 0.270050	 -0.13852	  0
  89	   2	  -1	  -1	  f 	  A1/A2	  M2/M2	 0.710267	 0.270050	 -0.61543	  0
  89	   3	   1	   2	  m 	  A1/A2	  M2/M2	 0.737944	-0.934720	  0.26366	  0
  89	   4	   1	   2	  m 	  A1/A2	  M2/M2	 0.737944	 0.331191	 -0.56140	  0
  89	   5	   1	   2	  f 	  A2/A2	  M2/M2	 0.737944	 0.380667	 -0.48124	  0
  90	   1	  -1	  -1	  m 	  A2/A2	  M2/M2	-1.129600	-0.963359	  0.03915	  0
  90	   2	  -1	  -1	  f 	  A2/A2	  M1/M2	 0.897400	-0.963359	 -0.16053	  0
  90	   3	   1	   2	  m 	  A2/A2	  M2/M2	-0.019149	-0.672520	 -0.65061	  0
  90	   4	   1	   2	  m 	  A2/A2	  M2/M2	-0.019149	 0.692540	 -0.10159	  0
  90	   5	   1	   2	  f 	  A2/A2	  M2/M2	-0.019149	 0.268795	  1.20390	  0
  91	   1	  -1	  -1	  m 	  A2/A2	  M1/M2	-0.193535	-1.023241	 -0.38058	  0
  91	   2	  -1	  -1	  f 	  A2/A2	  M2/M2	 1.282941	-1.023241	  0.29631	  0
  91	   3	   1	   2	  m 	  A2/A2	  M1/M2	 0.717305	-0.492149	  0.34006	  0
  91	   4	   1	   2	  m 	  A2/A2	  M1/M2	 0.717305	-0.700338	  0.62752	  1
  91	   5	   1	   2	  f 	  A2/A2	  M2/M2	 0.717305	-0.449149	 -0.39821	  0
  92	   1	  -1	  -1	  m 	  A2/A2	  M2/M2	-0.244952	-0.248651	 -0.71041	  0
  92	   2	  -1	  -1	  f 	  A1/A2	  M2/M2	-0.990518	-0.248651	 -0.17206	  0
  92	   3	   1	   2	  m 	  A2/A2	  M2/M2	 0.449192	 0.720365	 -0.21345	  0
  92	   4	   1	   2	  m 	  A1/A2	  M2/M2	 0.449192	 1.193944	  0.16688	  0
  92	   5	   1	   2	  f 	  A2/A2	  M2/M2	 0.449192	 1.415700	 -0.00576	  0
  93	   1	  -1	  -1	  m 	  A2/A2	  M2/M2	-0.626809	 0.303026	 -1.37639	  0
  93	   2	  -1	  -1	  f 	  A2/A2	  M2/M2	-1.762222	 0.303026	  0.07683	  0
  93	   3	   1	   2	  m 	  A2/A2	  M2/M2	 0.540678	 1.144403	 -0.40912	  1
  93	   4	   1	   2	  m 	  A2/A2	  M2/M2	 0.540678	-0.064422	  0.35360	  0
  93	   5	   1	   2	  f 	  A2/A2	  M2/M2	 0.540678	 0.224256	  0.46562	  1
  94	   1	  -1	  -1	  m 	  A2/A2	  M2/M2	 0.169965	-0.279821	  1.00071	  0
  94	   2	  -1	  -1	  f 	  A2/A2	  M2/M2	-0.292872	-0.279821	  0.53535	  0
  94	   3	   1	   2	  m 	  A2/A2	  M2/M2	 1.251168	 0.462312	 -0.36641	  0
  94	   4	   1	   2	  m 	  A2/A2	  M2/M2	 1.251168	-0.029855	  0.31728	  0
  94	   5	   1	   2	  f 	  A2/A2	  M2/M2	 1.251168	-1.258274	 -0.84169	  0
  95	   1	  -1	  -1	  m 	  A1/A1	  M2/M2	-1.111604	 0.119290	  0.13291	  0
  95	   2	  -1	  -1	  f 	  A1/A2	  M1/M2	-1.057034	 0.119290	  0.34437	  0
  95	   3	   1	   2	  m 	  A1/A1	  M2/M2	-1.546035	 1.127895	 -0.11454	  0
  95	   4	   1	   2	  m 	  A1/A1	  M1/M2	-1.546035	 0.613205	  1.21146	  0
  95	   5	   1	   2	  f 	  A1/A1	  M1/M2	-1.546035	 0.250321	 -0.37109	  0
  96	   1	  -1	  -1	  m 	  A1/A2	  M2/M2	-1.094355	 0.619434	 -0.40946	  0
  96	   2	  -1	  -1	  f 	  A2/A2	  M1/M2	-0.746786	 0.619434	  0.30872	  0
  96	   3	   1	   2	  m 	  A1/A2	  M1/M2	 0.357055	-1.516694	 -0.84560	  0
  96	   4	   1	   2	  m 	  A2/A2	  M2/M2	 0.357055	 0.331433	 -0.79550	  0
  96	   5	   1	   2	  f 	  A1/A2	  M1/M2	 0.357055	 0.799980	  0.46927	  0
  97	   1	  -1	  -1	  m 	  A2/A2	  M2/M2	 0.037338	-0.493939	 -0.76118	  1
  97	   2	  -1	  -1	  f 	  A2/A2	  M1/M2	 1.230307	-0.493939	  0.20158	  0
  97	   3	   1	   2	  m 	  A2/A2	  M1/M2	 0.745849	-1.058625	 -0.01282	  0
  97	   4	   1	   2	  m 	  A2/A2	  M1/M2	 0.745849	-1.218523	  0.23854	  0
  97	   5	   1	   2	  f 	  A2/A2	  M1/M2	 0.745849	-0.406452	  0.44783	  0
  98	   1	  -1	  -1	  m 	  A1/A2	  M2/M2	 0.907349	 0.560230	  0.18958	  0
  98	   2	  -1	  -1	  f 	  A1/A2	  M2/M2	 0.210839	 0.560230	 -0.38516	  0
  98	   3	   1	   2	  m 	  A1/A1	  M2/M2	-1.286378	 0.807452	 -0.51101	  0
  98	   4	   1	   2	  m 	  A2/A2	  M2/M2	-1.286378	-0.075607	 -1.20394	  0
  98	   5	   1	   2	  f 	  A1/A2	  M2/M2	-1.286378	 0.591768	 -0.26304	  0
  99	   1	  -1	  -1	  m 	  A1/A2	  M2/M2	 1.646094	 0.743457	  1.09301	  0
  99	   2	  -1	  -1	  f 	  A2/A2	  M1/M1	-0.170778	 0.743457	  0.10801	  0
  99	   3	   1	   2	  m 	  A2/A2	  M1/M2	-1.277373	-0.150384	 -0.35424	  0
  99	   4	   1	   2	  m 	  A2/A2	  M1/M2	-1.277373	-2.678505	 -1.82967	  0
  99	   5	   1	   2	  f 	  A2/A2	  M1/M2	-1.277373	 0.589066	 -0.25360	  0
 100	   1	  -1	  -1	  m 	  A1/A2	  M1/M1	 0.237438	 0.134592	  0.41022	  0
 100	   2	  -1	  -1	  f 	  A2/A2	  M1/M2	 0.392120	 0.134592	  1.11377	  0
 100	   3	   1	   2	  m 	  A1/A2	  M1/M1	-1.857970	-0.113748	 -0.61802	  0
 100	   4	   1	   2	  m 	  A2/A2	  M1/M1	-1.857970	-0.322121	 -0.98326	  0
 100	   5	   1	   2	  f 	  A1/A2	  M1/M2	-1.857970	 0.956391	  0.50615	  0
 101	   1	  -1	  -1	  m 	  A2/A2	  M1/M2	 0.520953	 1.768917	  0.78189	  1
 101	   2	  -1	  -1	  f 	  A2/A2	  M1/M2	-0.385176	 1.768917	 -0.49420	  0
 101	   3	   1	   2	  m 	  A2/A2	  M2/M2	-0.085844	 1.652154	  0.63189	  1
 101	   4	   1	   2	  m 	  A2/A2	  M1/M1	-0.085844	 0.917343	 -0.15208	  0
 101	   5	   1	   2	  f 	  A2/A2	  M2/M2	-0.085844	 0.010197	 -0.60818	  0
 102	   1	  -1	  -1	  m 	  A2/A2	  M2/M2	 0.607216	-1.882166	 -0.34951	  0
 102	   2	  -1	  -1	  f 	  A2/A2	  M1/M2	 0.027913	-1.882166	  0.27018	  1
 102	   3	   1	   2	  m 	  A2/A2	  M1/M2	-1.584654	 0.595051	  0.52999	  0
 102	   4	   1	   2	  m 	  A2/A2	  M2/M2	-1.584654	 0.154726	 -0.41983	  0
 102	   5	   1	   2	  f 	  A2/A2	  M2/M2	-1.584654	-0.551108	 -0.15521	  0
 103	   1	  -1	  -1	  m 	  A2/A2	  M2/M2	-1.090290	-2.543454	 -1.05869	  0
 103	   2	  -1	  -1	  f 	  A2/A2	  M1/M2	-0.103192	-2.543454	 -1.42659	  0
 103	   3	   1	   2	  m 	  A2/A2	  M2/M2	 0.647219	-0.886203	  0.17270	  0
 103	   4	   1	   2	  m 	  A2/A2	  M1/M2	 0.647219	 0.637643	  0.18273	  0
 103	   5	   1	   2	  f 	  A2/A2	  M1/M2	 0.647219	-0.739328	 -0.18619	  0
 104	   1	  -1	  -1	  m 	  A2/A2	  M2/M2	 0.669885	-0.482348	  0.01157	  1
 104	   2	  -1	  -1	  f 	  A2/A2	  M1/M2	 0.169324	-0.482348	  0.12465	  0
 104	   3	   1	   2	  m 	  A2/A2	  M1/M2	 1.563383	-0.251394	 -0.48233	  0
 104	   4	   1	   2	  m 	  A2/A2	  M1/M2	 1.563383	 0.254429	  0.70998	  1
 104	   5	   1	   2	  f 	  A2/A2	  M2/M2	 1.563383	 0.246609	  0.76227	  0
 105	   1	  -1	  -1	  m 	  A2/A2	  M2/M2	-1.083491	 0.023655	  0.15203	  0
 105	   2	  -1	  -1	  f 	  A1/A1	  M2/M2	-0.040681	 0.023655	 -0.52647	  0
 105	   3	   1	   2	  m 	  A1/A2	  M2/M2	-0.974876	-1.118548	 -0.51938	  0
 105	   4	   1	   2	  m 	  A1/A2	  M2/M2	-0.974876	 0.577937	  0.24047	  0
 105	   5	   1	   2	  f 	  A1/A2	  M2/M2	-0.974876	-0.319914	 -0.50333	  0
 106	   1	  -1	  -1	  m 	  A1/A2	  M2/M2	-0.808059	 0.434116	 -0.23297	  0
 106	   2	  -1	  -1	  f 	  A1/A2	  M2/M2	 0.643695	 0.434116	  0.54825	  0
 106	   3	   1	   2	  m 	  A1/A2	  M2/M2	 0.320439	 0.509510	 -0.28638	  0
 106	   4	   1	   2	  m 	  A1/A1	  M2/M2	 0.320439	 0.316923	 -0.28903	  0
 106	   5	   1	   2	  f 	  A1/A1	  M2/M2	 0.320439	 0.327593	 -0.33963	  0
 107	   1	  -1	  -1	  m 	  A1/A2	  M2/M2	 1.331626	 0.507845	 -0.38711	  0
 107	   2	  -1	  -1	  f 	  A2/A2	  M1/M2	-0.871316	 0.507845	 -0.46029	  0
 107	   3	   1	   2	  m 	  A1/A2	  M2/M2	 1.273338	-0.148080	  0.29319	  1
 107	   4	   1	   2	  m 	  A1/A2	  M2/M2	 1.273338	-1.536623	 -0.62651	  0
 107	   5	   1	   2	  f 	  A1/A2	  M1/M2	 1.273338	-0.991028	  0.51591	  0
 108	   1	  -1	  -1	  m 	  A2/A2	  M2/M2	 1.216403	-0.709119	  0.13104	  0
 108	   2	  -1	  -1	  f 	  A2/A2	  M2/M2	-0.459417	-0.709119	 -0.18441	  0
 108	   3	   1	   2	  m 	  A2/A2	  M2/M2	-0.289094	-1.702423	 -0.49241	  0
 108	   4	   1	   2	  m 	  A2/A2	  M2/M2	-0.289094	-0.430274	 -0.27422	  0
 108	   5	   1	   2	  f 	  A2/A2	  M2/M2	-0.289094	 0.246943	  0.43133	  0
 109	   1	  -1	  -1	  m 	  A2/A2	  M2/M2	 0.666671	-0.011247	  0.39918	  0
 109	   2	  -1	  -1	  f 	  A2/A2	  M2/M2	-0.230986	-0.011247	 -0.19654	  0
 109	   3	   1	   2	  m 	  A2/A2	  M2/M2	 0.587222	-0.229213	  0.30036	  0
 109	   4	   1	   2	  m 	  A2/A2	  M2/M2	 0.587222	 0.666285	  0.32837	  1
 109	   5	   1	   2	  f 	  A2/A2	  M2/M2	 0.587222	-1.402711	  0.79329	  0
 110	   1	  -1	  -1	  m 	  A2/A2	  M1/M2	 0.931782	-1.091208	  0.20365	  1
 110	   2	  -1	  -1	  f 	  A2/A2	  M2/M2	 0.007203	-1.091208	  0.26381	  0
 110	   3	   1	   2	  m 	  A2/A2	  M1/M2	 0.294475	-0.524279	 -0.55934	  0
 110	   4	   1	   2	  m 	  A2/A2	  M1/M2	 0.294475	 0.700864	 -0.10797	  0
 110	   5	   1	   2	  f 	  A2/A2	  M1/M2	 0.294475	-0.755179	  0.40139	  0
 111	   1	  -1	  -1	  m 	  A2/A2	  M2/M2	 1.503432	 0.652456	  0.45700	  0
 111	   2	  -1	  -1	  f 	  A2/A2	  M2/M2	-1.081637	 0.652456	  0.35182	  0
 111	   3	   1	   2	  m 	  A2/A2	  M2/M2	-0.043450	 0.230024	 -1.05999	  0
 111	   4	   1	   2	  m 	  A2/A2	  M2/M2	-0.043450	-2.051165	 -0.84446	  0
 111	   5	   1	   2	  f 	  A2/A2	  M2/M2	-0.043450	-1.516517	 -0.74540	  0
 112	   1	  -1	  -1	  m 	  A2/A2	  M1/M2	 1.004732	-1.405483	  0.82080	  0
 112	   2	  -1	  -1	  f 	  A2/A2	  M2/M2	 0.606324	-1.405483	 -0.29899	  0
 112	   3	   1	   2	  m 	  A2/A2	  M2/M2	-0.522807	-0.441580	  0.12660	  0
 112	   4	   1	   2	  m 	  A2/A2	  M1/M2	-0.522807	 1.295491	 -0.42175	  0
 112	   5	   1	   2	  f 	  A2/A2	  M2/M2	-0.522807	-1.066883	 -0.17705	  0
 113	   1	  -1	  -1	  m 	  A2/A2	  M2/M2	-1.265029	-0.643115	 -1.21030	  0
 113	   2	  -1	  -1	  f 	  A1/A2	  M2/M2	-0.206081	-0.643115	 -0.14796	  0
 113	   3	   1	   2	  m 	  A2/A2	  M2/M2	-0.908604	-0.082532	 -0.64663	  0
 113	   4	   1	   2	  m 	  A1/A2	  M2/M2	-0.908604	-0.406757	 -0.09721	  0
 113	   5	   1	   2	  f 	  A2/A2	  M2/M2	-0.908604	-0.347797	 -0.72633	  0
 114	   1	  -1	  -1	  m 	  A1/A2	  M1/M2	 0.344881	 0.078097	  0.09769	  0
 114	   2	  -1	  -1	  f 	  A2/A2	  M2/M2	-1.747719	 0.078097	 -0.74849	  0
 114	   3	   1	   2	  m 	  A2/A2	  M2/M2	 0.883457	-0.294783	 -0.04892	  0
 114	   4	   1	   2	  m 	  A2/A2	  M2/M2	 0.883457	 0.731621	  0.44716	  0
 114	   5	   1	   2	  f 	  A2/A2	  M2/M2	 0.883457	-0.231931	 -0.01674	  0
 115	   1	  -1	  -1	  m 	  A2/A2	  M2/M2	-0.619700	-0.663951	 -0.85966	  0
 115	   2	  -1	  -1	  f 	  A2/A2	  M1/M2	 0.305557	-0.663951	 -0.19449	  0
 115	   3	   1	   2	  m 	  A2/A2	  M1/M2	-1.109742	-0.124425	 -0.53110	  0
 115	   4	   1	   2	  m 	  A2/A2	  M1/M2	-1.109742	-1.314667	 -1.07931	  0
 115	   5	   1	   2	  f 	  A2/A2	  M1/M2	-1.109742	-2.147976	 -1.04566	  0
 116	   1	  -1	  -1	  m 	  A2/A2	  M2/M2	 0.120391	 0.221705	 -0.33841	  0
 116	   2	  -1	  -1	  f 	  A2/A2	  M2/M2	 0.265534	 0.221705	  0.63226	  0
 116	   3	   1	   2	  m 	  A2/A2	  M2/M2	 0.366335	-1.086334	 -0.70584	  0
 116	   4	   1	   2	  m 	  A2/A2	  M2/M2	 0.366335	 0.908058	  0.00766	  0
 116	   5	   1	   2	  f 	  A2/A2	  M2/M2	 0.366335	-1.035210	  0.42439	  0
 117	   1	  -1	  -1	  m 	  A2/A2	  M1/M2	-0.197850	 0.676698	 -0.39546	  0
 117	   2	  -1	  -1	  f 	  A1/A1	  M2/M2	-0.322277	 0.676698	 -0.26053	  0
 117	   3	   1	   2	  m 	  A1/A2	  M1/M2	 0.356455	 0.432463	 -0.40835	  0
 117	   4	   1	   2	  m 	  A1/A2	  M2/M2	 0.356455	 0.065756	 -0.36966	  0
 117	   5	   1	   2	  f 	  A1/A2	  M2/M2	 0.356455	-1.540907	 -0.13886	  0
 118	   1	  -1	  -1	  m 	  A2/A2	  M2/M2	 0.068272	-0.696256	 -0.05623	  0
 118	   2	  -1	  -1	  f 	  A2/A2	  M1/M2	-0.246741	-0.696256	 -0.29957	  0
 118	   3	   1	   2	  m 	  A2/A2	  M1/M2	-0.784732	 2.089914	  0.70333	  0
 118	   4	   1	   2	  m 	  A2/A2	  M1/M2	-0.784732	 0.511157	 -0.95127	  0
 118	   5	   1	   2	  f 	  A2/A2	  M2/M2	-0.784732	 0.648920	 -0.06634	  0
 119	   1	  -1	  -1	  m 	  A2/A2	  M1/M2	-1.533835	-0.170515	 -1.41542	  0
 119	   2	  -1	  -1	  f 	  A2/A2	  M2/M2	-1.745854	-0.170515	  0.01663	  0
 119	   3	   1	   2	  m 	  A2/A2	  M2/M2	 0.528969	-1.135719	 -0.73654	  0
 119	   4	   1	   2	  m 	  A2/A2	  M1/M2	 0.528969	 0.593569	  0.03358	  0
 119	   5	   1	   2	  f 	  A2/A2	  M2/M2	 0.528969	-2.337680	  0.18755	  0
 120	   1	  -1	  -1	  m 	  A2/A2	  M1/M2	 0.257399	 1.410837	  0.56355	  1
 120	   2	  -1	  -1	  f 	  A2/A2	  M1/M2	-1.120459	 1.410837	  0.83999	  1
 120	   3	   1	   2	  m 	  A2/A2	  M1/M1	 0.756834	-0.384475	  0.29615	  0
 120	   4	   1	   2	  m 	  A2/A2	  M2/M2	 0.756834	 0.295023	 -1.08618	  0
 120	   5	   1	   2	  f 	  A2/A2	  M1/M2	 0.756834	 1.243831	  1.62675	  0
 121	   1	  -1	  -1	  m 	  A2/A2	  M2/M2	 0.907005	-0.159828	 -0.01645	  0
 121	   2	  -1	  -1	  f 	  A2/A2	  M1/M1	 0.408327	-0.159828	 -0.34912	  1
 121	   3	   1	   2	  m 	  A2/A2	  M1/M2	 0.740935	-0.998596	 -0.39548	  0
 121	   4	   1	   2	  m 	  A2/A2	  M1/M2	 0.740935	 1.172820	 -0.38583	  0
 121	   5	   1	   2	  f 	  A2/A2	  M1/M2	 0.740935	 1.258321	  0.12045	  0
 122	   1	  -1	  -1	  m 	  A2/A2	  M1/M2	-0.721042	 0.477473	 -0.46528	  0
 122	   2	  -1	  -1	  f 	  A2/A2	  M2/M2	 0.709906	 0.477473	  0.23224	  1
 122	   3	   1	   2	  m 	  A2/A2	  M1/M2	-0.510257	 1.051135	 -0.12359	  0
 122	   4	   1	   2	  m 	  A2/A2	  M1/M2	-0.510257	-0.738624	 -0.44979	  0
 122	   5	   1	   2	  f 	  A2/A2	  M2/M2	-0.510257	 0.747655	 -0.74997	  1
 123	   1	  -1	  -1	  m 	  A2/A2	  M2/M2	-0.644428	 0.004826	 -0.62817	  0
 123	   2	  -1	  -1	  f 	  A1/A2	  M1/M2	-0.135253	 0.004826	  0.28155	  0
 123	   3	   1	   2	  m 	  A1/A2	  M1/M2	-1.161673	-0.777655	 -0.93422	  0
 123	   4	   1	   2	  m 	  A1/A2	  M1/M2	-1.161673	 0.786983	 -0.21792	  0
 123	   5	   1	   2	  f 	  A1/A2	  M1/M2	-1.161673	 0.933677	 -0.63028	  0
 124	   1	  -1	  -1	  m 	  A2/A2	  M2/M2	-1.077798	 0.515733	  0.44613	  0
 124	   2	  -1	  -1	  f 	  A1/A2	  M2/M2	 1.448103	 0.515733	  0.52417	  0
 124	   3	   1	   2	  m 	  A1/A2	  M2/M2	-0.650566	-0.903043	  0.05970	  0
 124	   4	   1	   2	  m 	  A2/A2	  M2/M2	-0.650566	 1.597076	 -0.31445	  0
 124	   5	   1	   2	  f 	  A2/A2	  M2/M2	-0.650566	 0.634356	 -0.34889	  0
 125	   1	  -1	  -1	  m 	  A1/A2	  M1/M1	-1.947248	-0.317811	 -0.65591	  0
 125	   2	  -1	  -1	  f 	  A2/A2	  M1/M2	 0.587797	-0.317811	  0.64730	  0
 125	   3	   1	   2	  m 	  A2/A2	  M1/M2	-0.013871	-0.348565	 -0.20947	  0
 125	   4	   1	   2	  m 	  A2/A2	  M1/M2	-0.013871	-0.970848	 -0.42167	  0
 125	   5	   1	   2	  f 	  A2/A2	  M1/M1	-0.013871	 0.333941	 -0.17110	  0
 126	   1	  -1	  -1	  m 	  A2/A2	  M2/M2	-0.448886	 0.182880	 -0.38183	  0
 126	   2	  -1	  -1	  f 	  A1/A2	  M1/M2	-0.236594	 0.182880	 -0.15381	  0
 126	   3	   1	   2	  m 	  A1/A2	  M1/M2	 0.997174	 0.247811	  0.04163	  0
 126	   4	   1	   2	  m 	  A2/A2	  M2/M2	 0.997174	 0.291978	 -0.08214	  0
 126	   5	   1	   2	  f 	  A2/A2	  M2/M2	 0.997174	-0.744851	 -0.58138	  0
 127	   1	  -1	  -1	  m 	  A1/A1	  M2/M2	-0.308635	-1.566653	  0.92213	  0
 127	   2	  -1	  -1	  f 	  A2/A2	  M1/M2	-1.322855	-1.566653	 -1.02303	  0
 127	   3	   1	   2	  m 	  A1/A2	  M2/M2	-0.693347	 0.960136	  0.46968	  0
 127	   4	   1	   2	  m 	  A1/A2	  M2/M2	-0.693347	 1.497949	  0.86717	  1
 127	   5	   1	   2	  f 	  A1/A2	  M1/M2	-0.693347	-0.105459	 -0.51872	  0
 128	   1	  -1	  -1	  m 	  A2/A2	  M2/M2	 0.418780	 1.083158	  1.32211	  1
 128	   2	  -1	  -1	  f 	  A2/A2	  M1/M2	 1.213282	 1.083158	  0.88512	  0
 128	   3	   1	   2	  m 	  A2/A2	  M2/M2	-1.218738	-0.176405	 -0.58396	  0
 128	   4	   1	   2	  m 	  A2/A2	  M2/M2	-1.218738	-0.082689	 -0.37705	  0
 128	   5	   1	   2	  f 	  A2/A2	  M1/M2	-1.218738	-0.668988	 -0.74680	  0
 129	   1	  -1	  -1	  m 	  A2/A2	  M2/M2	 0.666951	 0.111511	  0.68405	  0
 129	   2	  -1	  -1	  f 	  A2/A2	  M1/M2	-1.383169	 0.111511	 -1.21863	  0
 129	   3	   1	   2	  m 	  A2/A2	  M1/M2	-0.085553	-0.208990	 -0.53164	  0
 129	   4	   1	   2	  m 	  A2/A2	  M1/M2	-0.085553	-0.085553	  0.37928	  0
 129	   5	   1	   2	  f 	  A2/A2	  M2/M2	-0.085553	-0.087838	  0.04381	  0
 130	   1	  -1	  -1	  m 	  A1/A1	  M2/M2	-0.368756	-0.915418	 -0.34642	  0
 130	   2	  -1	  -1	  f 	  A1/A2	  M2/M2	 0.133116	-0.915418	 -0.92347	  0
 130	   3	   1	   2	  m 	  A1/A1	  M2/M2	-0.656520	-1.121764	 -0.28745	  0
 130	   4	   1	   2	  m 	  A1/A2	  M2/M2	-0.656520	 0.470067	 -1.02458	  0
 130	   5	   1	   2	  f 	  A1/A1	  M2/M2	-0.656520	-1.434037	 -1.56789	  0
 131	   1	  -1	  -1	  m 	  A1/A2	  M2/M2	-2.121293	 1.653180	  0.29417	  0
 131	   2	  -1	  -1	  f 	  A2/A2	  M1/M1	-1.053851	 1.653180	  0.56127	  0
 131	   3	   1	   2	  m 	  A2/A2	  M1/M2	-1.581574	 0.862815	  0.15036	  0
 131	   4	   1	   2	  m 	  A1/A2	  M1/M2	-1.581574	-1.396665	 -0.61143	  0
 131	   5	   1	   2	  f 	  A1/A2	  M1/M2	-1.581574	-0.485315	 -1.12834	  0
 132	   1	  -1	  -1	  m 	  A2/A2	  M2/M2	 0.448276	 1.264085	  0.81459	  0
 132	   2	  -1	  -1	  f 	  A2/A2	  M2/M2	-1.862335	 1.264085	  0.64628	  0
 132	   3	   1	   2	  m 	  A2/A2	  M2/M2	 0.444925	 0.664174	  0.78565	  0
 132	   4	   1	   2	  m 	  A2/A2	  M2/M2	 0.444925	 0.228571	  0.07775	  0
 132	   5	   1	   2	  f 	  A2/A2	  M2/M2	 0.444925	-0.642016	 -0.38616	  0
 133	   1	  -1	  -1	  m 	  A1/A2	  M2/M2	 0.234348	-0.364465	 -1.16307	  0
 133	   2	  -1	  -1	  f 	  A1/A2	  M2/M2	-1.598865	-0.364465	 -1.08583	  0
 133	   3	   1	   2	  m 	  A1/A2	  M2/M2	-0.859739	 0.662401	 -0.48688	  0
 133	   4	   1	   2	  m 	  A1/A2	  M2/M2	-0.859739	 1.788055	  0.25724	  0
 133	   5	   1	   2	  f 	  A2/A2	  M2/M2	-0.859739	 1.258737	 -0.89704	  0
 134	   1	  -1	  -1	  m 	  A1/A2	  M2/M2	 0.025353	-1.219743	  0.63585	  0
 134	   2	  -1	  -1	  f 	  A2/A2	  M1/M2	 0.514350	-1.219743	  0.01158	  0
 134	   3	   1	   2	  m 	  A2/A2	  M1/M2	-1.528271	-0.246012	 -0.49534	  0
 134	   4	   1	   2	  m 	  A1/A2	  M1/M2	-1.528271	 1.669022	  0.48078	  0
 134	   5	   1	   2	  f 	  A2/A2	  M2/M2	-1.528271	-1.179115	 -0.81420	  0
 135	   1	  -1	  -1	  m 	  A1/A2	  M2/M2	-0.252834	-1.826321	 -1.24481	  0
 135	   2	  -1	  -1	  f 	  A2/A2	  M2/M2	-0.475415	-1.826321	 -0.94135	  0
 135	   3	   1	   2	  m 	  A2/A2	  M2/M2	 1.510041	-1.279503	  0.04158	  0
 135	   4	   1	   2	  m 	  A1/A2	  M2/M2	 1.510041	 0.288246	  0.16598	  0
 135	   5	   1	   2	  f 	  A1/A2	  M2/M2	 1.510041	-0.811273	 -0.93217	  0
 136	   1	  -1	  -1	  m 	  A2/A2	  M1/M2	-1.389136	-0.494384	 -1.11282	  0
 136	   2	  -1	  -1	  f 	  A2/A2	  M1/M2	 0.728839	-0.494384	  0.55440	  0
 136	   3	   1	   2	  m 	  A2/A2	  M1/M2	-1.717260	-0.539663	 -0.28600	  0
 136	   4	   1	   2	  m 	  A2/A2	  M1/M1	-1.717260	 0.566835	 -0.05507	  0
 136	   5	   1	   2	  f 	  A2/A2	  M1/M1	-1.717260	-2.273606	 -0.85273	  0
 137	   1	  -1	  -1	  m 	  A1/A2	  M2/M2	 0.171554	-0.135357	  0.91284	  0
 137	   2	  -1	  -1	  f 	  A2/A2	  M1/M2	 0.318394	-0.135357	 -0.57418	  0
 137	   3	   1	   2	  m 	  A1/A2	  M2/M2	 0.812021	 0.871016	  0.88287	  0
 137	   4	   1	   2	  m 	  A1/A2	  M1/M2	 0.812021	-0.669659	  0.28831	  0
 137	   5	   1	   2	  f 	  A1/A2	  M2/M2	 0.812021	 0.096016	  0.26669	  0
 138	   1	  -1	  -1	  m 	  A2/A2	  M2/M2	-0.002445	 1.087040	 -0.44926	  1
 138	   2	  -1	  -1	  f 	  A2/A2	  M1/M2	 0.025590	 1.087040	  0.22254	  1
 138	   3	   1	   2	  m 	  A2/A2	  M1/M2	-0.217989	-0.316935	 -0.14864	  0
 138	   4	   1	   2	  m 	  A2/A2	  M2/M2	-0.217989	-0.340725	  1.00084	  0
 138	   5	   1	   2	  f 	  A2/A2	  M1/M2	-0.217989	-0.395531	  0.44388	  0
 139	   1	  -1	  -1	  m 	  A2/A2	  M1/M2	 0.349554	-2.315235	 -0.84495	  0
 139	   2	  -1	  -1	  f 	  A2/A2	  M2/M2	 0.313680	-2.315235	 -0.99312	  0
 139	   3	   1	   2	  m 	  A2/A2	  M2/M2	-2.101187	-0.315186	 -0.50104	  0
 139	   4	   1	   2	  m 	  A2/A2	  M2/M2	-2.101187	 1.510132	 -0.88364	  0
 139	   5	   1	   2	  f 	  A2/A2	  M2/M2	-2.101187	-1.111514	 -1.38924	  0
 140	   1	  -1	  -1	  m 	  A2/A2	  M2/M2	-0.450983	 1.481298	  0.44354	  1
 140	   2	  -1	  -1	  f 	  A2/A2	  M2/M2	 2.263293	 1.481298	 -0.17867	  0
 140	   3	   1	   2	  m 	  A2/A2	  M2/M2	-1.352434	 0.308512	 -0.94526	  0
 140	   4	   1	   2	  m 	  A2/A2	  M2/M2	-1.352434	-0.390393	 -0.46623	  0
 140	   5	   1	   2	  f 	  A2/A2	  M2/M2	-1.352434	-0.612526	 -1.01266	  0
 141	   1	  -1	  -1	  m 	  A2/A2	  M2/M2	-1.205232	-0.223492	 -0.26589	  0
 141	   2	  -1	  -1	  f 	  A2/A2	  M2/M2	-0.611063	-0.223492	 -0.72316	  0
 141	   3	   1	   2	  m 	  A2/A2	  M2/M2	 1.075810	-1.597816	  0.21520	  0
 141	   4	   1	   2	  m 	  A2/A2	  M2/M2	 1.075810	-1.046436	  0.32535	  0
 141	   5	   1	   2	  f 	  A2/A2	  M2/M2	 1.075810	-0.426987	 -0.40448	  0
 142	   1	  -1	  -1	  m 	  A2/A2	  M1/M2	-1.254861	-2.177550	 -0.68479	  0
 142	   2	  -1	  -1	  f 	  A2/A2	  M2/M2	-1.086945	-2.177550	  0.05034	  0
 142	   3	   1	   2	  m 	  A2/A2	  M1/M2	 1.262141	-0.724012	  0.15818	  0
 142	   4	   1	   2	  m 	  A2/A2	  M2/M2	 1.262141	 0.161038	  0.27356	  0
 142	   5	   1	   2	  f 	  A2/A2	  M1/M2	 1.262141	-0.503456	 -0.77997	  0
 143	   1	  -1	  -1	  m 	  A2/A2	  M2/M2	-1.324129	-0.031213	 -0.64492	  0
 143	   2	  -1	  -1	  f 	  A1/A2	  M2/M2	-0.539586	-0.031213	  0.40141	  0
 143	   3	   1	   2	  m 	  A2/A2	  M2/M2	-2.376646	-0.984193	 -0.16036	  0
 143	   4	   1	   2	  m 	  A1/A2	  M2/M2	-2.376646	 0.576964	 -0.62695	  0
 143	   5	   1	   2	  f 	  A1/A2	  M2/M2	-2.376646	 0.649586	  0.24751	  0
 144	   1	  -1	  -1	  m 	  A2/A2	  M2/M2	-1.281771	 1.403945	 -0.07721	  0
 144	   2	  -1	  -1	  f 	  A1/A2	  M2/M2	 0.730774	 1.403945	  0.78148	  0
 144	   3	   1	   2	  m 	  A2/A2	  M2/M2	 0.686706	-0.529649	 -0.20899	  0
 144	   4	   1	   2	  m 	  A1/A2	  M2/M2	 0.686706	-0.940480	  0.09491	  0
 144	   5	   1	   2	  f 	  A1/A2	  M2/M2	 0.686706	-0.718763	 -0.57658	  0
 145	   1	  -1	  -1	  m 	  A1/A1	  M2/M2	 0.092340	-1.038218	 -0.24168	  0
 145	   2	  -1	  -1	  f 	  A2/A2	  M2/M2	-0.178395	-1.038218	 -0.02624	  0
 145	   3	   1	   2	  m 	  A1/A2	  M2/M2	 1.020295	-0.957783	  0.78992	  0
 145	   4	   1	   2	  m 	  A1/A2	  M2/M2	 1.020295	 1.316599	  1.28603	  1
 145	   5	   1	   2	  f 	  A1/A2	  M2/M2	 1.020295	 1.402402	  0.77484	  0
 146	   1	  -1	  -1	  m 	  A1/A2	  M1/M2	 1.438064	 0.018617	 -0.02201	  0
 146	   2	  -1	  -1	  f 	  A2/A2	  M2/M2	-0.334853	 0.018617	  0.16722	  0
 146	   3	   1	   2	  m 	  A2/A2	  M2/M2	 0.535398	 0.523363	  0.17937	  0
 146	   4	   1	   2	  m 	  A2/A2	  M2/M2	 0.535398	-0.632432	 -0.39599	  0
 146	   5	   1	   2	  f 	  A2/A2	  M1/M2	 0.535398	-0.735101	 -0.47502	  0
 147	   1	  -1	  -1	  m 	  A1/A2	  M2/M2	 0.726030	 1.132294	  1.12265	  0
 147	   2	  -1	  -1	  f 	  A2/A2	  M2/M2	 0.470489	 1.132294	  1.39029	  0
 147	   3	   1	   2	  m 	  A1/A2	  M2/M2	 0.806427	 0.932463	  0.13125	  0
 147	   4	   1	   2	  m 	  A2/A2	  M2/M2	 0.806427	 1.009031	  0.25436	  0
 147	   5	   1	   2	  f 	  A1/A2	  M2/M2	 0.806427	-1.346003	  0.34170	  0
 148	   1	  -1	  -1	  m 	  A2/A2	  M2/M2	-1.064728	-0.137728	 -0.41388	  0
 148	   2	  -1	  -1	  f 	  A2/A2	  M2/M2	-1.326378	-0.137728	 -1.02173	  0
 148	   3	   1	   2	  m 	  A2/A2	  M2/M2	 1.232426	-1.696844	  0.18069	  0
 148	   4	   1	   2	  m 	  A2/A2	  M2/M2	 1.232426	 2.145220	  0.95817	  0
 148	   5	   1	   2	  f 	  A2/A2	  M2/M2	 1.232426	 2.417871	 -0.18388	  0
 149	   1	  -1	  -1	  m 	  A2/A2	  M2/M2	-0.875216	-2.631530	 -0.46650	  0
 149	   2	  -1	  -1	  f 	  A1/A2	  M1/M2	 0.709685	-2.631530	 -0.85110	  0
 149	   3	   1	   2	  m 	  A1/A2	  M2/M2	-2.481285	-1.763811	 -1.88794	  0
 149	   4	   1	   2	  m 	  A2/A2	  M1/M2	-2.481285	-1.081682	 -0.46335	  0
 149	   5	   1	   2	  f 	  A1/A2	  M1/M2	-2.481285	-0.597237	 -0.76877	  0
 150	   1	  -1	  -1	  m 	  A2/A2	  M1/M2	-0.351523	-1.893891	 -0.48020	  0
 150	   2	  -1	  -1	  f 	  A1/A2	  M1/M2	 1.247597	-1.893891	  0.14278	  0
 150	   3	   1	   2	  m 	  A2/A2	  M1/M2	-0.506167	-0.022672	 -0.22888	  0
 150	   4	   1	   2	  m 	  A1/A2	  M1/M2	-0.506167	-1.631046	 -0.64134	  0
 150	   5	   1	   2	  f 	  A2/A2	  M2/M2	-0.506167	 1.017150	  0.26915	  0
 151	   1	  -1	  -1	  m 	  A2/A2	  M2/M2	-2.432923	-0.039616	 -1.53929	  0
 151	   2	  -1	  -1	  f 	  A2/A2	  M1/M2	-1.147184	-0.039616	 -0.86714	  0
 151	   3	   1	   2	  m 	  A2/A2	  M1/M2	 0.201389	-0.781592	 -1.01404	  0
 151	   4	   1	   2	  m 	  A2/A2	  M2/M2	 0.201389	-1.190814	 -0.79818	  0
 151	   5	   1	   2	  f 	  A2/A2	  M1/M2	 0.201389	 0.855036	 -0.14055	  0
 152	   1	  -1	  -1	  m 	  A2/A2	  M2/M2	-0.309471	-0.257182	 -0.09461	  0
 152	   2	  -1	  -1	  f 	  A2/A2	  M1/M2	-0.317568	-0.257182	  0.02985	  0
 152	   3	   1	   2	  m 	  A2/A2	  M2/M2	-0.580564	 2.552377	  0.90720	  1
 152	   4	   1	   2	  m 	  A2/A2	  M2/M2	-0.580564	 0.942632	  0.12358	  0
 152	   5	   1	   2	  f 	  A2/A2	  M1/M2	-0.580564	-0.900481	  0.19966	  0
 153	   1	  -1	  -1	  m 	  A2/A2	  M1/M2	-1.392763	 0.013533	 -0.12620	  0
 153	   2	  -1	  -1	  f 	  A2/A2	  M1/M2	 0.801856	 0.013533	  0.20986	  0
 153	   3	   1	   2	  m 	  A2/A2	  M1/M2	 3.105306	-0.402663	  1.47162	  0
 153	   4	   1	   2	  m 	  A2/A2	  M1/M2	 3.105306	-1.103790	  0.41257	  0
 153	   5	   1	   2	  f 	  A2/A2	  M2/M2	 3.105306	-0.420994	 -0.05830	  0
 154	   1	  -1	  -1	  m 	  A1/A2	  M2/M2	-0.208768	-0.864182	  0.59883	  0
 154	   2	  -1	  -1	  f 	  A1/A2	  M2/M2	 0.818887	-0.864182	  0.15994	  0
 154	   3	   1	   2	  m 	  A1/A2	  M2/M2	-0.126125	 0.695882	  0.79839	  0
 154	   4	   1	   2	  m 	  A1/A2	  M2/M2	-0.126125	-1.324837	 -0.37065	  0
 154	   5	   1	   2	  f 	  A1/A2	  M2/M2	-0.126125	-0.832951	 -0.00804	  0
 155	   1	  -1	  -1	  m 	  A2/A2	  M2/M2	 0.346212	-0.110574	 -0.42397	  0
 155	   2	  -1	  -1	  f 	  A2/A2	  M2/M2	 1.133064	-0.110574	  0.92825	  1
 155	   3	   1	   2	  m 	  A2/A2	  M2/M2	 0.183973	-0.242380	  0.55603	  0
 155	   4	   1	   2	  m 	  A2/A2	  M2/M2	 0.183973	-0.199685	 -0.03692	  1
 155	   5	   1	   2	  f 	  A2/A2	  M2/M2	 0.183973	 0.945101	 -0.90806	  0
 156	   1	  -1	  -1	  m 	  A1/A2	  M2/M2	 1.184092	 0.537364	  0.45784	  0
 156	   2	  -1	  -1	  f 	  A2/A2	  M2/M2	 1.007232	 0.537364	  1.12884	  0
 156	   3	   1	   2	  m 	  A2/A2	  M2/M2	 1.230147	 0.245139	  0.83174	  1
 156	   4	   1	   2	  m 	  A1/A2	  M2/M2	 1.230147	-0.398887	  0.20122	  0
 156	   5	   1	   2	  f 	  A2/A2	  M2/M2	 1.230147	-0.101548	  0.31203	  1
 157	   1	  -1	  -1	  m 	  A2/A2	  M1/M2	 1.385905	-0.251052	  0.53014	  0
 157	   2	  -1	  -1	  f 	  A2/A2	  M2/M2	-0.183553	-0.251052	 -0.39175	  0
 157	   3	   1	   2	  m 	  A2/A2	  M2/M2	-0.314965	-0.673298	  0.53942	  0
 157	   4	   1	   2	  m 	  A2/A2	  M1/M2	-0.314965	 0.054369	  0.05451	  0
 157	   5	   1	   2	  f 	  A2/A2	  M2/M2	-0.314965	 0.107187	 -0.72700	  0
 158	   1	  -1	  -1	  m 	  A2/A2	  M2/M2	 0.426887	 0.150908	  0.32823	  0
 158	   2	  -1	  -1	  f 	  A1/A2	  M2/M2	-0.339214	 0.150908	 -0.48134	  0
 158	   3	   1	   2	  m 	  A1/A2	  M2/M2	 1.021530	-0.584575	 -0.70466	  0
 158	   4	   1	   2	  m 	  A1/A2	  M2/M2	 1.021530	-0.805783	 -0.41282	  0
 158	   5	   1	   2	  f 	  A2/A2	  M2/M2	 1.021530	-0.058258	  0.48395	  0
 159	   1	  -1	  -1	  m 	  A1/A2	  M2/M2	 0.495370	 1.248767	 -0.06985	  0
 159	   2	  -1	  -1	  f 	  A1/A2	  M2/M2	-1.449850	 1.248767	  0.90647	  0
 159	   3	   1	   2	  m 	  A1/A1	  M2/M2	-0.264149	-0.595289	 -0.35840	  0
 159	   4	   1	   2	  m 	  A1/A1	  M2/M2	-0.264149	-1.492802	 -0.77085	  0
 159	   5	   1	   2	  f 	  A1/A2	  M2/M2	-0.264149	-0.076088	 -0.02768	  0
 160	   1	  -1	  -1	  m 	  A2/A2	  M2/M2	 1.248390	-1.349257	  0.28119	  0
 160	   2	  -1	  -1	  f 	  A1/A1	  M1/M2	 2.904848	-1.349257	  1.82527	  0
 160	   3	   1	   2	  m 	  A1/A2	  M2/M2	 1.014146	 0.586228	 -0.11395	  0
 160	   4	   1	   2	  m 	  A1/A2	  M2/M2	 1.014146	 0.086607	  1.09999	  0
 160	   5	   1	   2	  f 	  A1/A2	  M1/M2	 1.014146	 1.038361	  0.01494	  0
 161	   1	  -1	  -1	  m 	  A2/A2	  M2/M2	-0.154849	-0.127616	  0.05238	  0
 161	   2	  -1	  -1	  f 	  A2/A2	  M2/M2	-0.833187	-0.127616	  0.48314	  0
 161	   3	   1	   2	  m 	  A2/A2	  M2/M2	-1.055062	-1.403817	 -0.91013	  0
 161	   4	   1	   2	  m 	  A2/A2	  M2/M2	-1.055062	 0.633826	  0.13497	  0
 161	   5	   1	   2	  f 	  A2/A2	  M2/M2	-1.055062	-0.363270	 -0.59068	  0
 162	   1	  -1	  -1	  m 	  A2/A2	  M1/M2	 0.678388	 0.251691	  1.21796	  0
 162	   2	  -1	  -1	  f 	  A2/A2	  M2/M2	 0.635477	 0.251691	  0.42703	  0
 162	   3	   1	   2	  m 	  A2/A2	  M2/M2	 0.452969	 0.245543	  0.25099	  0
 162	   4	   1	   2	  m 	  A2/A2	  M1/M2	 0.452969	 0.416172	 -0.27016	  0
 162	   5	   1	   2	  f 	  A2/A2	  M1/M2	 0.452969	 1.080645	  1.31060	  0
 163	   1	  -1	  -1	  m 	  A1/A2	  M2/M2	 1.543303	-0.717612	 -0.09921	  0
 163	   2	  -1	  -1	  f 	  A1/A2	  M1/M2	-1.282785	-0.717612	 -1.39718	  0
 163	   3	   1	   2	  m 	  A1/A2	  M1/M2	 0.140549	-0.681139	 -0.46031	  0
 163	   4	   1	   2	  m 	  A2/A2	  M1/M2	 0.140549	 0.162127	  0.08140	  0
 163	   5	   1	   2	  f 	  A1/A2	  M1/M2	 0.140549	 0.720844	  0.43738	  0
 164	   1	  -1	  -1	  m 	  A2/A2	  M2/M2	-0.717880	 3.051952	  1.25160	  0
 164	   2	  -1	  -1	  f 	  A1/A2	  M2/M2	-0.687432	 3.051952	 -0.29110	  0
 164	   3	   1	   2	  m 	  A2/A2	  M2/M2	-1.238712	 1.440738	 -0.78151	  0
 164	   4	   1	   2	  m 	  A2/A2	  M2/M2	-1.238712	 0.434120	 -0.17985	  0
 164	   5	   1	   2	  f 	  A2/A2	  M2/M2	-1.238712	 0.070374	 -0.88298	  0
 165	   1	  -1	  -1	  m 	  A1/A2	  M2/M2	-0.556393	 1.624132	  0.02112	  0
 165	   2	  -1	  -1	  f 	  A2/A2	  M2/M2	-0.140572	 1.624132	  0.43127	  1
 165	   3	   1	   2	  m 	  A2/A2	  M2/M2	-0.444200	-0.566842	  0.17120	  0
 165	   4	   1	   2	  m 	  A1/A2	  M2/M2	-0.444200	-0.930644	 -0.23321	  0
 165	   5	   1	   2	  f 	  A2/A2	  M2/M2	-0.444200	-0.030523	  0.63857	  1
 166	   1	  -1	  -1	  m 	  A1/A2	  M1/M2	-1.233407	 0.966447	  0.99247	  0
 166	   2	  -1	  -1	  f 	  A2/A2	  M2/M2	-0.427613	 0.966447	  0.14934	  0
 166	   3	   1	   2	  m 	  A2/A2	  M2/M2	-0.321651	-0.150367	  0.49755	  0
 166	   4	   1	   2	  m 	  A1/A2	  M2/M2	-0.321651	 0.660218	  0.27128	  0
 166	   5	   1	   2	  f 	  A2/A2	  M2/M2	-0.321651	 1.933176	 -0.62973	  0
 167	   1	  -1	  -1	  m 	  A2/A2	  M2/M2	-0.001958	 2.040677	 -0.26789	  0
 167	   2	  -1	  -1	  f 	  A2/A2	  M1/M2	 0.082161	 2.040677	  0.70764	  1
 167	   3	   1	   2	  m 	  A2/A2	  M1/M2	 1.521811	-1.637667	  0.88978	  0
 167	   4	   1	   2	  m 	  A2/A2	  M1/M2	 1.521811	-0.324474	  0.87724	  0
 167	   5	   1	   2	  f 	  A2/A2	  M2/M2	 1.521811	 0.842178	  0.69087	  0
 168	   1	  -1	  -1	  m 	  A2/A2	  M2/M2	-0.191710	 0.853605	  0.68654	  0
 168	   2	  -1	  -1	  f 	  A2/A2	  M2/M2	 0.726578	 0.853605	 -0.01866	  0
 168	   3	   1	   2	  m 	  A2/A2	  M2/M2	-0.641719	 1.441134	  0.43693	  0
 168	   4	   1	   2	  m 	  A2/A2	  M2/M2	-0.641719	-0.524911	 -0.36877	  0
 168	   5	   1	   2	  f 	  A2/A2	  M2/M2	-0.641719	-0.621979	 -0.23490	  0
 169	   1	  -1	  -1	  m 	  A2/A2	  M2/M2	-0.451538	 1.067163	 -0.51096	  0
 169	   2	  -1	  -1	  f 	  A2/A2	  M2/M2	 0.226355	 1.067163	  0.16342	  0
 169	   3	   1	   2	  m 	  A2/A2	  M2/M2	 0.244842	-1.124552	 -1.07854	  0
 169	   4	   1	   2	  m 	  A2/A2	  M2/M2	 0.244842	 0.366640	 -0.72894	  1
 169	   5	   1	   2	  f 	  A2/A2	  M2/M2	 0.244842	-0.927818	 -0.79185	  0
 170	   1	  -1	  -1	  m 	  A2/A2	  M1/M2	 0.202607	-0.097085	 -0.15168	  0
 170	   2	  -1	  -1	  f 	  A1/A2	  M1/M2	 0.708258	-0.097085	  0.60911	  0
 170	   3	   1	   2	  m 	  A1/A2	  M1/M2	-1.333894	-0.831438	  0.33492	  0
 170	   4	   1	   2	  m 	  A1/A2	  M1/M2	-1.333894	-0.206870	 -1.21104	  0
 170	   5	   1	   2	  f 	  A1/A2	  M2/M2	-1.333894	 1.041094	  0.80166	  0
 171	   1	  -1	  -1	  m 	  A2/A2	  M2/M2	 1.044309	-0.760296	  0.18687	  0
 171	   2	  -1	  -1	  f 	  A2/A2	  M2/M2	 0.932891	-0.760296	  0.19013	  0
 171	   3	   1	   2	  m 	  A2/A2	  M2/M2	-1.793550	 0.477245	 -0.88560	  0
 171	   4	   1	   2	  m 	  A2/A2	  M2/M2	-1.793550	-0.318235	 -0.82120	  0
 171	   5	   1	   2	  f 	  A2/A2	  M2/M2	-1.793550	 2.486775	 -0.68553	  0
 172	   1	  -1	  -1	  m 	  A1/A2	  M1/M2	-1.840808	 0.543429	 -0.12882	  0
 172	   2	  -1	  -1	  f 	  A2/A2	  M2/M2	 0.051750	 0.543429	 -0.11236	  1
 172	   3	   1	   2	  m 	  A2/A2	  M1/M2	 0.400334	-0.178912	  0.77818	  0
 172	   4	   1	   2	  m 	  A1/A2	  M1/M2	 0.400334	 0.430836	  0.00482	  0
 172	   5	   1	   2	  f 	  A1/A2	  M1/M2	 0.400334	-1.731226	 -0.85468	  0
 173	   1	  -1	  -1	  m 	  A2/A2	  M2/M2	-0.321819	 0.363462	  0.63464	  0
 173	   2	  -1	  -1	  f 	  A2/A2	  M1/M2	 1.045051	 0.363462	  0.08990	  0
 173	   3	   1	   2	  m 	  A2/A2	  M2/M2	 0.711874	 0.215934	 -0.00065	  1
 173	   4	   1	   2	  m 	  A2/A2	  M2/M2	 0.711874	-1.197619	  0.57878	  0
 173	   5	   1	   2	  f 	  A2/A2	  M2/M2	 0.711874	 1.336355	  1.12210	  1
 174	   1	  -1	  -1	  m 	  A2/A2	  M1/M2	 1.074679	 1.890458	  0.61432	  1
 174	   2	  -1	  -1	  f 	  A1/A2	  M2/M2	 0.036807	 1.890458	  1.43585	  0
 174	   3	   1	   2	  m 	  A1/A2	  M2/M2	-0.971337	-0.435053	 -1.15537	  0
 174	   4	   1	   2	  m 	  A1/A2	  M2/M2	-0.971337	 1.263314	  0.36826	  0
 174	   5	   1	   2	  f 	  A1/A2	  M1/M2	-0.971337	 2.594109	  1.47504	  0
 175	   1	  -1	  -1	  m 	  A1/A2	  M2/M2	 0.203893	 0.649873	  0.33300	  0
 175	   2	  -1	  -1	  f 	  A1/A2	  M1/M2	 0.442683	 0.649873	 -0.65122	  0
 175	   3	   1	   2	  m 	  A2/A2	  M2/M2	 0.030712	 0.430541	 -0.05865	  0
 175	   4	   1	   2	  m 	  A1/A2	  M2/M2	 0.030712	 0.911030	 -0.84668	  0
 175	   5	   1	   2	  f 	  A1/A2	  M2/M2	 0.030712	 2.440462	 -0.04263	  1
 176	   1	  -1	  -1	  m 	  A1/A2	  M2/M2	-0.714472	 0.237402	 -0.32934	  0
 176	   2	  -1	  -1	  f 	  A2/A2	  M2/M2	 0.698863	 0.237402	  0.61003	  0
 176	   3	   1	   2	  m 	  A2/A2	  M2/M2	-2.166352	 0.026605	 -1.32335	  0
 176	   4	   1	   2	  m 	  A1/A2	  M2/M2	-2.166352	 0.028481	 -2.31787	  0
 176	   5	   1	   2	  f 	  A2/A2	  M2/M2	-2.166352	-0.057269	 -0.69481	  0
 177	   1	  -1	  -1	  m 	  A2/A2	  M2/M2	-0.076983	 0.053478	 -0.21696	  0
 177	   2	  -1	  -1	  f 	  A2/A2	  M1/M2	 1.068947	 0.053478	 -0.26687	  0
 177	   3	   1	   2	  m 	  A2/A2	  M2/M2	-0.201561	-1.237005	  0.05724	  0
 177	   4	   1	   2	  m 	  A2/A2	  M2/M2	-0.201561	-1.125351	 -1.08106	  0
 177	   5	   1	   2	  f 	  A2/A2	  M2/M2	-0.201561	-1.257045	  0.11218	  0
 178	   1	  -1	  -1	  m 	  A2/A2	  M1/M1	-1.005826	-1.442761	  0.25264	  0
 178	   2	  -1	  -1	  f 	  A2/A2	  M2/M2	-0.982916	-1.442761	 -0.70495	  0
 178	   3	   1	   2	  m 	  A2/A2	  M1/M2	 0.346914	 1.783873	  1.50276	  1
 178	   4	   1	   2	  m 	  A2/A2	  M1/M2	 0.346914	-0.318234	  0.62723	  0
 178	   5	   1	   2	  f 	  A2/A2	  M1/M2	 0.346914	-0.444768	  1.14437	  0
 179	   1	  -1	  -1	  m 	  A2/A2	  M1/M2	-1.107376	-0.714312	  0.13299	  0
 179	   2	  -1	  -1	  f 	  A2/A2	  M2/M2	 0.119106	-0.714312	  0.66662	  0
 179	   3	   1	   2	  m 	  A2/A2	  M1/M2	-0.684475	-0.736642	 -1.15458	  0
 179	   4	   1	   2	  m 	  A2/A2	  M2/M2	-0.684475	-0.683739	 -0.78329	  0
 179	   5	   1	   2	  f 	  A2/A2	  M1/M2	-0.684475	-0.054508	  0.52333	  0
 180	   1	  -1	  -1	  m 	  A2/A2	  M2/M2	 0.076301	 0.383630	 -0.75218	  0
 180	   2	  -1	  -1	  f 	  A2/A2	  M2/M2	-0.734523	 0.383630	 -1.34675	  0
 180	   3	   1	   2	  m 	  A2/A2	  M2/M2	 0.117700	-0.522831	 -0.08176	  0
 180	   4	   1	   2	  m 	  A2/A2	  M2/M2	 0.117700	 1.381310	 -0.67834	  0
 180	   5	   1	   2	  f 	  A2/A2	  M2/M2	 0.117700	-0.505633	 -1.03921	  0
 181	   1	  -1	  -1	  m 	  A1/A2	  M2/M2	 0.589180	-0.762291	 -1.43747	  0
 181	   2	  -1	  -1	  f 	  A2/A2	  M2/M2	-0.295159	-0.762291	  0.17825	  0
 181	   3	   1	   2	  m 	  A2/A2	  M2/M2	 0.404782	-0.697530	  0.39577	  0
 181	   4	   1	   2	  m 	  A2/A2	  M2/M2	 0.404782	 1.639521	  0.48227	  0
 181	   5	   1	   2	  f 	  A1/A2	  M2/M2	 0.404782	 0.369688	  0.50547	  0
 182	   1	  -1	  -1	  m 	  A2/A2	  M2/M2	 0.210142	 0.086045	 -0.62162	  0
 182	   2	  -1	  -1	  f 	  A1/A1	  M2/M2	-0.493512	 0.086045	  1.28504	  0
 182	   3	   1	   2	  m 	  A1/A2	  M2/M2	 1.493383	-1.315712	  0.27699	  0
 182	   4	   1	   2	  m 	  A1/A2	  M2/M2	 1.493383	-0.333497	 -0.23215	  0
 182	   5	   1	   2	  f 	  A1/A2	  M2/M2	 1.493383	 1.395642	  0.59050	  0
 183	   1	  -1	  -1	  m 	  A1/A2	  M1/M2	 0.548426	-0.369152	  0.43763	  0
 183	   2	  -1	  -1	  f 	  A2/A2	  M1/M2	-0.061864	-0.369152	 -0.61408	  0
 183	   3	   1	   2	  m 	  A1/A2	  M2/M2	 0.140983	 0.830405	  0.81632	  0
 183	   4	   1	   2	  m 	  A2/A2	  M1/M2	 0.140983	-0.023436	  0.19391	  0
 183	   5	   1	   2	  f 	  A1/A2	  M1/M1	 0.140983	 0.079685	  0.03145	  0
 184	   1	  -1	  -1	  m 	  A2/A2	  M2/M2	-0.975740	-0.213248	 -0.29861	  0
 184	   2	  -1	  -1	  f 	  A1/A2	  M2/M2	 2.567173	-0.213248	  0.94174	  0
 184	   3	   1	   2	  m 	  A2/A2	  M2/M2	 1.618939	-1.026670	 -0.83460	  0
 184	   4	   1	   2	  m 	  A2/A2	  M2/M2	 1.618939	 1.046438	  1.08688	  1
 184	   5	   1	   2	  f 	  A1/A2	  M2/M2	 1.618939	 2.157961	  0.89411	  0
 185	   1	  -1	  -1	  m 	  A2/A2	  M1/M2	 1.837212	-0.659014	  0.41646	  0
 185	   2	  -1	  -1	  f 	  A2/A2	  M2/M2	-1.169224	-0.659014	 -0.97478	  0
 185	   3	   1	   2	  m 	  A2/A2	  M1/M2	-0.508348	-0.325101	 -0.41698	  0
 185	   4	   1	   2	  m 	  A2/A2	  M1/M2	-0.508348	 0.335042	 -0.64871	  0
 185	   5	   1	   2	  f 	  A2/A2	  M2/M2	-0.508348	-2.351149	 -1.33812	  0
 186	   1	  -1	  -1	  m 	  A2/A2	  M2/M2	-0.498023	 0.371086	 -0.89945	  0
 186	   2	  -1	  -1	  f 	  A2/A2	  M1/M2	 1.523892	 0.371086	 -0.48580	  1
 186	   3	   1	   2	  m 	  A2/A2	  M1/M2	 1.027451	 2.341744	  0.72751	  0
 186	   4	   1	   2	  m 	  A2/A2	  M2/M2	 1.027451	-0.150747	 -0.33191	  0
 186	   5	   1	   2	  f 	  A2/A2	  M1/M2	 1.027451	 0.341417	  0.48643	  0
 187	   1	  -1	  -1	  m 	  A2/A2	  M2/M2	-1.074046	 0.015983	 -0.26566	  0
 187	   2	  -1	  -1	  f 	  A1/A2	  M2/M2	-0.006015	 0.015983	 -0.62561	  0
 187	   3	   1	   2	  m 	  A2/A2	  M2/M2	 0.127757	-0.606493	 -1.20948	  0
 187	   4	   1	   2	  m 	  A2/A2	  M2/M2	 0.127757	 0.069305	  0.05889	  0
 187	   5	   1	   2	  f 	  A1/A2	  M2/M2	 0.127757	 0.698240	  0.55801	  1
 188	   1	  -1	  -1	  m 	  A2/A2	  M2/M2	-1.028812	 0.804097	  0.59988	  0
 188	   2	  -1	  -1	  f 	  A1/A2	  M1/M2	 0.554747	 0.804097	  0.74211	  0
 188	   3	   1	   2	  m 	  A2/A2	  M1/M2	 0.682029	-0.947043	 -0.06803	  0
 188	   4	   1	   2	  m 	  A2/A2	  M1/M2	 0.682029	 1.356401	  1.08657	  0
 188	   5	   1	   2	  f 	  A1/A2	  M2/M2	 0.682029	 0.320665	  0.51964	  0
 189	   1	  -1	  -1	  m 	  A2/A2	  M2/M2	 1.016139	-0.643912	 -0.23010	  0
 189	   2	  -1	  -1	  f 	  A2/A2	  M2/M2	 0.489637	-0.643912	 -0.14790	  0
 189	   3	   1	   2	  m 	  A2/A2	  M2/M2	 0.314425	-0.372227	  0.39643	  0
 189	   4	   1	   2	  m 	  A2/A2	  M2/M2	 0.314425	 0.876162	  0.42809	  0
 189	   5	   1	   2	  f 	  A2/A2	  M2/M2	 0.314425	 0.775053	 -0.16249	  1
 190	   1	  -1	  -1	  m 	  A2/A2	  M2/M2	 0.898840	-0.469744	 -0.06422	  0
 190	   2	  -1	  -1	  f 	  A1/A2	  M1/M2	 1.186416	-0.469744	  0.53616	  0
 190	   3	   1	   2	  m 	  A1/A2	  M1/M2	-0.635311	-1.964926	 -1.06108	  0
 190	   4	   1	   2	  m 	  A1/A2	  M2/M2	-0.635311	 0.907575	  0.06997	  0
 190	   5	   1	   2	  f 	  A1/A2	  M1/M2	-0.635311	-0.781303	 -0.27274	  0
 191	   1	  -1	  -1	  m 	  A2/A2	  M2/M2	 0.082561	 0.828496	  0.38873	  0
 191	   2	  -1	  -1	  f 	  A2/A2	  M1/M2	-0.508986	 0.828496	 -0.21911	  0
 191	   3	   1	   2	  m 	  A2/A2	  M2/M2	 1.169487	-0.206753	  0.16903	  0
 191	   4	   1	   2	  m 	  A2/A2	  M1/M2	 1.169487	-0.637543	  0.36201	  1
 191	   5	   1	   2	  f 	  A2/A2	  M2/M2	 1.169487	-0.798687	  0.13896	  0
 192	   1	  -1	  -1	  m 	  A2/A2	  M2/M2	 0.061944	-1.467881	 -0.14373	  0
 192	   2	  -1	  -1	  f 	  A1/A2	  M1/M2	 0.047234	-1.467881	 -0.87552	  0
 192	   3	   1	   2	  m 	  A2/A2	  M2/M2	 0.738321	 1.598448	  0.44555	  0
 192	   4	   1	   2	  m 	  A2/A2	  M1/M2	 0.738321	 0.867545	 -0.52067	  0
 192	   5	   1	   2	  f 	  A2/A2	  M2/M2	 0.738321	-0.012046	 -0.68177	  0
 193	   1	  -1	  -1	  m 	  A2/A2	  M2/M2	-0.340018	 0.682096	 -0.34825	  0
 193	   2	  -1	  -1	  f 	  A2/A2	  M2/M2	-0.173284	 0.682096	 -0.13112	  0
 193	   3	   1	   2	  m 	  A2/A2	  M2/M2	-0.167305	-0.744060	  0.29056	  0
 193	   4	   1	   2	  m 	  A2/A2	  M2/M2	-0.167305	 0.334908	 -0.07938	  0
 193	   5	   1	   2	  f 	  A2/A2	  M2/M2	-0.167305	-2.294260	 -0.54631	  0
 194	   1	  -1	  -1	  m 	  A1/A2	  M1/M2	 1.522599	-0.231774	  0.97184	  0
 194	   2	  -1	  -1	  f 	  A2/A2	  M2/M2	-0.071141	-0.231774	 -0.90224	  0
 194	   3	   1	   2	  m 	  A1/A2	  M2/M2	-0.506092	 0.113703	  0.03119	  0
 194	   4	   1	   2	  m 	  A2/A2	  M1/M2	-0.506092	-0.188577	 -0.24949	  0
 194	   5	   1	   2	  f 	  A1/A2	  M2/M2	-0.506092	 1.786944	 -0.92989	  0
 195	   1	  -1	  -1	  m 	  A1/A1	  M2/M2	 0.565453	-0.174275	 -0.21754	  0
 195	   2	  -1	  -1	  f 	  A2/A2	  M1/M1	 0.834224	-0.174275	  0.70440	  0
 195	   3	   1	   2	  m 	  A1/A2	  M1/M2	-0.201588	-0.026646	  0.83777	  0
 195	   4	   1	   2	  m 	  A1/A2	  M1/M2	-0.201588	 0.569881	 -0.12534	  0
 195	   5	   1	   2	  f 	  A1/A2	  M1/M2	-0.201588	 0.671939	  0.29138	  0
 196	   1	  -1	  -1	  m 	  A2/A2	  M2/M2	-0.062773	-0.861330	 -0.05742	  0
 196	   2	  -1	  -1	  f 	  A1/A2	  M1/M2	 0.799627	-0.861330	  0.30614	  0
 196	   3	   1	   2	  m 	  A1/A2	  M1/M2	-2.654692	 1.056347	 -0.41426	  0
 196	   4	   1	   2	  m 	  A1/A2	  M2/M2	-2.654692	-0.214193	  0.14986	  0
 196	   5	   1	   2	  f 	  A2/A2	  M1/M2	-2.654692	 0.783225	  0.04638	  0
 197	   1	  -1	  -1	  m 	  A1/A2	  M1/M2	-0.405602	-0.947441	 -0.14630	  0
 197	   2	  -1	  -1	  f 	  A2/A2	  M2/M2	-0.388734	-0.947441	 -0.87859	  0
 197	   3	   1	   2	  m 	  A1/A2	  M1/M2	 0.301345	-0.962725	 -0.01104	  0
 197	   4	   1	   2	  m 	  A2/A2	  M2/M2	 0.301345	 0.770207	  0.29392	  0
 197	   5	   1	   2	  f 	  A2/A2	  M1/M2	 0.301345	 0.075027	  0.46287	  0
 198	   1	  -1	  -1	  m 	  A2/A2	  M2/M2	 0.266336	 0.034024	 -0.07116	  0
 198	   2	  -1	  -1	  f 	  A1/A2	  M2/M2	-0.664296	 0.034024	  0.36132	  0
 198	   3	   1	   2	  m 	  A1/A2	  M2/M2	-0.242326	-0.631627	  0.02995	  0
 198	   4	   1	   2	  m 	  A2/A2	  M2/M2	-0.242326	-0.126770	 -0.18245	  0
 198	   5	   1	   2	  f 	  A1/A2	  M2/M2	-0.242326	-1.219514	 -0.14256	  0
 199	   1	  -1	  -1	  m 	  A2/A2	  M2/M2	-1.887247	-1.047926	 -0.11763	  0
 199	   2	  -1	  -1	  f 	  A2/A2	  M2/M2	-0.493418	-1.047926	  0.25967	  0
 199	   3	   1	   2	  m 	  A2/A2	  M2/M2	 1.402125	 0.241452	  0.62982	  0
 199	   4	   1	   2	  m 	  A2/A2	  M2/M2	 1.402125	-0.508903	  0.30570	  0
 199	   5	   1	   2	  f 	  A2/A2	  M2/M2	 1.402125	 0.550778	  0.05632	  0
 200	   1	  -1	  -1	  m 	  A2/A2	  M2/M2	-0.370920	 0.535444	  0.02575	  0
 200	   2	  -1	  -1	  f 	  A2/A2	  M2/M2	 0.454264	 0.535444	  0.83722	  0
 200	   3	   1	   2	  m 	  A2/A2	  M2/M2	 0.595504	-1.036939	 -0.67741	  0
 200	   4	   1	   2	  m 	  A2/A2	  M2/M2	 0.595504	-1.935542	 -0.38408	  0
 200	   5	   1	   2	  f 	  A2/A2	  M2/M2	 0.595504	-0.707365	  0.13937	  0
